19335 0 1720389 1
19335 0 1720395 1
19335 0 1729 1
19335 0 2046505 1
19335 0 3045565 1
19335 0 3045567 1
19335 0 3175481 1
19335 0 3175484 1
19335 0 527690 1
19335 0 527692 1
19335 0 527697 1
19335 0 6452949 1
19335 0 7122355 1
19335 0 7320614 1
19335 0 819168 1
19335 0 8412681 1
19335 0 8412682 1
19335 0 8412683 1
19335 0 8412684 1
19335 0 8412685 1
47923 0 1200258 1
47923 0 1296110 1
47923 0 1300989 1
47923 0 1354790 1
47923 0 1507610 1
47923 0 1508658 1
47923 0 1669816 1
47923 0 1681331 1
47923 0 1681332 1
47923 0 1681334 1
47923 0 1681335 1
47923 0 1681336 1
47923 0 1681337 1
47923 0 1681339 1
47923 0 1767240 1
47923 0 1868437 1
47923 0 1868438 1
47923 0 1923153 1
47923 0 1960681 1
47923 0 2044900 1
47923 0 2148997 1
47923 0 2157582 1
47923 0 2477210 1
47923 0 2477211 1
47923 0 2655670 1
47923 0 2719555 1
47923 0 2749477 1
47923 0 2772864 1
47923 0 284591 1
47923 0 2917510 1
47923 0 320920 1
47923 0 3246976 1
47923 0 3348837 1
47923 0 3348838 1
47923 0 3630933 1
47923 0 3630935 1
47923 0 3694265 1
47923 0 3748434 1
47923 0 3986046 1
47923 0 4081982 1
47923 0 4143232 1
47923 0 4257346 1
47923 0 4297620 1
47923 0 4321228 1
47923 0 4321230 1
47923 0 4416477 1
47923 0 4652795 1
47923 0 4684891 1
47923 0 4684893 1
47923 0 4684895 1
47923 0 473807 1
47923 0 473809 1
47923 0 4778734 1
47923 0 4793758 1
47923 0 4997370 1
47923 0 5032362 1
47923 0 5051722 1
47923 0 5053382 1
47923 0 5055000 1
47923 0 5137402 1
47923 0 5147527 1
47923 0 5147529 1
47923 0 5147530 1
47923 0 525511 1
47923 0 5417577 1
47923 0 5417580 1
47923 0 5417582 1
47923 0 5949690 1
47923 0 5966643 1
47923 0 6111296 1
47923 0 611271 1
47923 0 618555 1
47923 0 618556 1
47923 0 618559 1
47923 0 6191 1
47923 0 6241147 1
47923 0 6241148 1
47923 0 6241150 1
47923 0 6241151 1
47923 0 6241152 1
47923 0 6241153 1
47923 0 6241154 1
47923 0 6378779 1
47923 0 6643066 1
47923 0 6652175 1
47923 0 6696631 1
47923 0 6813699 1
47923 0 6919836 1
47923 0 7109642 1
47923 0 7644552 1
47923 0 766025 1
47923 0 778272 1
47923 0 7786719 1
47923 0 7890942 1
47923 0 7891160 1
47923 0 7914826 1
47923 0 8214977 1
47923 0 829484 1
47923 0 8327407 1
47923 0 8327408 1
47923 0 8348762 1
47923 0 84017 1
47923 0 8418681 1
47923 0 8418684 1
47923 0 8418686 1
47923 0 8421421 1
47923 0 8641104 1
47923 0 8641107 1
47923 0 8659158 1
47923 0 8836262 1
47923 0 913042 1
47923 0 986177 1
87181 0 123547 1
87181 0 1692902 1
87181 0 1700168 1
87181 0 1766470 1
87181 0 1890715 1
87181 0 1902826 1
87181 0 1961300 1
87181 0 2307974 1
87181 0 2528294 1
87181 0 2530227 1
87181 0 2530252 1
87181 0 2556144 1
87181 0 2556150 1
87181 0 2556151 1
87181 0 2596279 1
87181 0 2611818 1
87181 0 2713030 1
87181 0 2763490 1
87181 0 2842948 1
87181 0 2986227 1
87181 0 3354162 1
87181 0 3445699 1
87181 0 4639455 1
87181 0 4689523 1
87181 0 4689524 1
87181 0 4689525 1
87181 0 47207 1
87181 0 47208 1
87181 0 47211 1
87181 0 47212 1
87181 0 4786305 1
87181 0 5103077 1
87181 0 5103083 1
87181 0 5197135 1
87181 0 5469038 1
87181 0 5497677 1
87181 0 5676026 1
87181 0 5753301 1
87181 0 6484575 1
87181 0 6484576 1
87181 0 6484578 1
87181 0 6521360 1
87181 0 6521366 1
87181 0 6685092 1
87181 0 6774305 1
87181 0 6885718 1
87181 0 7057928 1
87181 0 7112964 1
87181 0 7112968 1
87181 0 7139898 1
87181 0 7203296 1
87181 0 742425 1
87181 0 7526679 1
87181 0 753721 1
87181 0 7586365 1
87181 0 7666828 1
87181 0 7666831 1
87181 0 8144448 1
87181 0 8151919 1
87181 0 8151921 1
87181 0 8151922 1
87181 0 8151926 1
87181 0 8165401 1
87181 0 8165404 1
87181 0 8183982 1
87181 0 8332546 1
87181 0 8332547 1
87181 0 8332551 1
87181 0 8332555 1
87181 0 8476330 1
87181 0 8522403 1
87181 0 8534130 1
87181 0 8534134 1
87181 0 8534135 1
87181 0 8534136 1
87181 0 8565420 1
87181 0 8614360 1
87181 0 8664069 1
87181 0 8683178 1
87181 0 8683181 1
87181 0 8683183 1
87181 0 8683185 1
87181 0 8738510 1
87452 0 1294588 1
87452 0 1395633 1
87452 0 1697677 1
87452 0 1697679 1
87452 0 1770630 1
87452 0 186931 1
87452 0 186939 1
87452 0 1890452 1
87452 0 2026777 1
87452 0 2052496 1
87452 0 227211 1
87452 0 2312984 1
87452 0 2357235 1
87452 0 2588902 1
87452 0 2624886 1
87452 0 2705839 1
87452 0 2918391 1
87452 0 3019505 1
87452 0 3242437 1
87452 0 3289965 1
87452 0 4079788 1
87452 0 4096633 1
87452 0 4233763 1
87452 0 4284131 1
87452 0 4307936 1
87452 0 4561062 1
87452 0 4634899 1
87452 0 4654326 1
87452 0 4971349 1
87452 0 5031929 1
87452 0 5219890 1
87452 0 5286924 1
87452 0 5296736 1
87452 0 5549020 1
87452 0 5746165 1
87452 0 5746167 1
87452 0 5851090 1
87452 0 6018160 1
87452 0 6018163 1
87452 0 6018164 1
87452 0 6018165 1
87452 0 6018166 1
87452 0 6018168 1
87452 0 6271635 1
87452 0 6335465 1
87452 0 6673729 1
87452 0 6873071 1
87452 0 7039125 1
87452 0 7070552 1
87452 0 7070558 1
87452 0 7353355 1
87452 0 7353359 1
87452 0 7476937 1
87452 0 7561798 1
87452 0 7561800 1
87452 0 7561801 1
87452 0 7561803 1
87452 0 7843984 1
87452 0 7965004 1
87452 0 7965007 1
87452 0 7965011 1
87452 0 8055174 1
87452 0 8081937 1
87452 0 8152222 1
87452 0 8152225 1
87452 0 8289253 1
87452 0 8333912 1
87452 0 8333916 1
87452 0 8333917 1
87452 0 8333919 1
87452 0 8333920 1
87452 0 8333921 1
87452 0 8436576 1
87452 0 8436578 1
87452 0 8436579 1
87452 0 8438483 1
87452 0 8680815 1
87452 0 8819111 1
87452 0 8819112 1
87452 0 8819114 1
87452 0 8819116 1
104861 0 1017092 1
104861 0 1046334 1
104861 0 1046339 1
104861 0 1058524 1
104861 0 120437 1
104861 0 1275721 1
104861 0 1304632 1
104861 0 1313687 1
104861 0 1357955 1
104861 0 1357956 1
104861 0 1357957 1
104861 0 1357961 1
104861 0 1424216 1
104861 0 146169 1
104861 0 146170 1
104861 0 146171 1
104861 0 146172 1
104861 0 146173 1
104861 0 146174 1
104861 0 146175 1
104861 0 146176 1
104861 0 146177 1
104861 0 1567102 1
104861 0 1567107 1
104861 0 1773805 1
104861 0 1773807 1
104861 0 1811410 1
104861 0 1814642 1
104861 0 1922603 1
104861 0 1948963 1
104861 0 1977801 1
104861 0 1995989 1
104861 0 2278231 1
104861 0 2377050 1
104861 0 2611066 1
104861 0 2908924 1
104861 0 2916631 1
104861 0 298180 1
104861 0 314919 1
104861 0 3443173 1
104861 0 3443176 1
104861 0 3560539 1
104861 0 3925933 1
104861 0 4017854 1
104861 0 4017855 1
104861 0 4017856 1
104861 0 4017858 1
104861 0 4043623 1
104861 0 409268 1
104861 0 4230210 1
104861 0 4230213 1
104861 0 4350439 1
104861 0 4452306 1
104861 0 459675 1
104861 0 459676 1
104861 0 4717134 1
104861 0 4819155 1
104861 0 5073457 1
104861 0 5138467 1
104861 0 5138468 1
104861 0 5138469 1
104861 0 5138470 1
104861 0 5138471 1
104861 0 5138472 1
104861 0 5138473 1
104861 0 5138474 1
104861 0 5138476 1
104861 0 5150431 1
104861 0 5248340 1
104861 0 5248341 1
104861 0 5248342 1
104861 0 5248343 1
104861 0 5248344 1
104861 0 5394110 1
104861 0 5483490 1
104861 0 5652261 1
104861 0 5652262 1
104861 0 5652263 1
104861 0 5652264 1
104861 0 5652266 1
104861 0 5662654 1
104861 0 5667475 1
104861 0 5688415 1
104861 0 5688416 1
104861 0 5688417 1
104861 0 5688418 1
104861 0 5688420 1
104861 0 5688422 1
104861 0 5688423 1
104861 0 5703400 1
104861 0 5703401 1
104861 0 5801822 1
104861 0 5836442 1
104861 0 5864689 1
104861 0 5864693 1
104861 0 5864695 1
104861 0 599604 1
104861 0 599606 1
104861 0 6056676 1
104861 0 6187055 1
104861 0 6241791 1
104861 0 6241793 1
104861 0 629270 1
104861 0 629274 1
104861 0 629276 1
104861 0 629277 1
104861 0 629278 1
104861 0 6351571 1
104861 0 6467577 1
104861 0 6467578 1
104861 0 6467579 1
104861 0 6467580 1
104861 0 6467581 1
104861 0 6467583 1
104861 0 6585554 1
104861 0 6585562 1
104861 0 6653674 1
104861 0 6653675 1
104861 0 6653677 1
104861 0 6653678 1
104861 0 6653679 1
104861 0 6658615 1
104861 0 6704672 1
104861 0 6904992 1
104861 0 715676 1
104861 0 7204477 1
104861 0 7302612 1
104861 0 7506026 1
104861 0 7506027 1
104861 0 7506028 1
104861 0 7506029 1
104861 0 8056409 1
104861 0 8056411 1
104861 0 8138536 1
104861 0 8349574 1
104861 0 8495099 1
104861 0 8546158 1
104861 0 8546159 1
104861 0 8546160 1
104861 0 8546162 1
104861 0 8748173 1
130510 0 1110766 1
130510 0 1494930 1
130510 0 1494931 1
130510 0 1494932 1
130510 0 1494935 1
130510 0 1494936 1
130510 0 1494938 1
130510 0 1494939 1
130510 0 2982053 1
130510 0 3995677 1
130510 0 4022904 1
130510 0 6183638 1
130510 0 6486232 1
130510 0 6815300 1
130510 0 7125239 1
130510 0 7501558 1
130510 0 7501560 1
130510 0 7501563 1
130510 0 799647 1
130510 0 8514425 1
130510 0 8612902 1
130510 0 8612903 1
130510 0 8612904 1
130510 0 8612906 1
130510 0 8612909 1
130510 0 8612910 1
130510 0 996732 1
130510 0 996740 1
131843 0 1398253 1
131843 0 14055 1
131843 0 1453832 1
131843 0 1733695 1
131843 0 1795993 1
131843 0 2008201 1
131843 0 2041693 1
131843 0 2068929 1
131843 0 2080441 1
131843 0 2130346 1
131843 0 2193404 1
131843 0 2227327 1
131843 0 3841396 1
131843 0 423033 1
131843 0 4331032 1
131843 0 4574277 1
131843 0 4658868 1
131843 0 4751877 1
131843 0 5044392 1
131843 0 5048193 1
131843 0 5260758 1
131843 0 5286902 1
131843 0 5366085 1
131843 0 5678180 1
131843 0 5777617 1
131843 0 6036658 1
131843 0 6858933 1
131843 0 7176532 1
131843 0 7275645 1
131843 0 7487352 1
131843 0 7591291 1
131843 0 7707868 1
131843 0 7807170 1
131843 0 7811093 1
131843 0 8102602 1
131843 0 8305151 1
131843 0 8305152 1
131843 0 8305153 1
131843 0 8305154 1
131843 0 8305155 1
131843 0 8305156 1
131843 0 8305157 1
131843 0 8305158 1
131843 0 849228 1
131843 0 8554765 1
131843 0 8710808 1
131843 0 8710809 1
131843 0 8710810 1
131843 0 8710811 1
131843 0 8710812 1
131843 0 8710813 1
131843 0 8710814 1
131843 0 8834196 1
131843 0 985989 1
131843 0 985990 1
131843 0 985991 1
131843 0 985992 1
131843 0 985993 1
131843 0 985994 1
131843 0 985995 1
131843 0 988472 1
131843 0 988473 1
131843 0 988474 1
131843 0 988476 1
146187 0 1230566 1
146187 0 1841197 1
146187 0 4214923 1
146187 0 4214925 1
146187 0 4741857 1
146187 0 4777144 1
146187 0 4777148 1
146187 0 6015024 1
146187 0 6015026 1
146187 0 6430258 1
146187 0 6430259 1
146187 0 6430260 1
146187 0 7405002 1
146187 0 744165 1
146187 0 76348 1
146187 0 8434618 1
146187 0 8434619 1
146187 0 8434620 1
146187 0 8434622 1
146187 0 8434623 1
146187 0 8434624 1
146187 0 8434625 1
146187 0 8434626 1
148538 0 1299824 1
148538 0 1299830 1
148538 0 1311202 1
148538 0 1311204 1
148538 0 1311209 1
148538 0 1314489 1
148538 0 1384441 1
148538 0 1384442 1
148538 0 1384446 1
148538 0 1384447 1
148538 0 1384448 1
148538 0 1392973 1
148538 0 1392974 1
148538 0 1495660 1
148538 0 153920 1
148538 0 1559002 1
148538 0 1573498 1
148538 0 1736918 1
148538 0 1807279 1
148538 0 1816663 1
148538 0 1828165 1
148538 0 1828170 1
148538 0 1950974 1
148538 0 1950975 1
148538 0 1950976 1
148538 0 1950977 1
148538 0 1950980 1
148538 0 1969518 1
148538 0 1969519 1
148538 0 1985491 1
148538 0 1985494 1
148538 0 231452 1
148538 0 231453 1
148538 0 231455 1
148538 0 245019 1
148538 0 2455774 1
148538 0 2455776 1
148538 0 2643562 1
148538 0 2713526 1
148538 0 2915322 1
148538 0 2915323 1
148538 0 2915327 1
148538 0 3165111 1
148538 0 3310962 1
148538 0 332400 1
148538 0 332401 1
148538 0 3701822 1
148538 0 3918785 1
148538 0 3918787 1
148538 0 3989976 1
148538 0 4185812 1
148538 0 4185814 1
148538 0 4264121 1
148538 0 4264127 1
148538 0 4264128 1
148538 0 4271667 1
148538 0 4282153 1
148538 0 4447598 1
148538 0 4447601 1
148538 0 4634425 1
148538 0 4902096 1
148538 0 4976411 1
148538 0 5010072 1
148538 0 5020788 1
148538 0 5077705 1
148538 0 512199 1
148538 0 5171603 1
148538 0 5601322 1
148538 0 5679983 1
148538 0 581145 1
148538 0 5843047 1
148538 0 615407 1
148538 0 6434592 1
148538 0 6485504 1
148538 0 6536612 1
148538 0 6697437 1
148538 0 6704661 1
148538 0 6889357 1
148538 0 6894608 1
148538 0 7407803 1
148538 0 7407811 1
148538 0 7407812 1
148538 0 7496116 1
148538 0 7529434 1
148538 0 753805 1
148538 0 7599536 1
148538 0 7696389 1
148538 0 791676 1
148538 0 811946 1
148538 0 8139872 1
148538 0 8283528 1
148538 0 8283530 1
148538 0 8283531 1
148538 0 8283532 1
148538 0 8730434 1
148538 0 8835172 1
148538 0 958231 1
148538 0 985490 1
148538 0 985492 1
148538 0 985493 1
148538 0 985494 1
156493 0 1034435 1
156493 0 1101607 1
156493 0 1277720 1
156493 0 1277721 1
156493 0 1277722 1
156493 0 1277723 1
156493 0 1277724 1
156493 0 1277725 1
156493 0 1277726 1
156493 0 1277727 1
156493 0 1277728 1
156493 0 1347264 1
156493 0 1347266 1
156493 0 1420608 1
156493 0 1861640 1
156493 0 1861642 1
156493 0 1960254 1
156493 0 1960255 1
156493 0 1960256 1
156493 0 1960257 1
156493 0 1960259 1
156493 0 1960260 1
156493 0 1960261 1
156493 0 2123395 1
156493 0 2236388 1
156493 0 2259179 1
156493 0 2259180 1
156493 0 2259182 1
156493 0 2259183 1
156493 0 2317800 1
156493 0 2317802 1
156493 0 2317807 1
156493 0 2317808 1
156493 0 2403232 1
156493 0 2411918 1
156493 0 2598786 1
156493 0 2598787 1
156493 0 2612486 1
156493 0 2612490 1
156493 0 2612491 1
156493 0 2612492 1
156493 0 2612493 1
156493 0 26129 1
156493 0 2616512 1
156493 0 2708304 1
156493 0 2717163 1
156493 0 2717165 1
156493 0 2928700 1
156493 0 2928702 1
156493 0 2928704 1
156493 0 2928705 1
156493 0 2928706 1
156493 0 2928707 1
156493 0 2949801 1
156493 0 2949802 1
156493 0 316872 1
156493 0 3288595 1
156493 0 3288596 1
156493 0 3288597 1
156493 0 3288598 1
156493 0 3288599 1
156493 0 3288600 1
156493 0 3288601 1
156493 0 3288603 1
156493 0 349638 1
156493 0 349641 1
156493 0 349643 1
156493 0 349645 1
156493 0 3603920 1
156493 0 3603922 1
156493 0 3603923 1
156493 0 4131138 1
156493 0 4369922 1
156493 0 4527706 1
156493 0 4542584 1
156493 0 4583221 1
156493 0 4940228 1
156493 0 4940230 1
156493 0 4940234 1
156493 0 5009743 1
156493 0 5022725 1
156493 0 5346660 1
156493 0 5437919 1
156493 0 5506858 1
156493 0 5530082 1
156493 0 5555919 1
156493 0 5752572 1
156493 0 6139382 1
156493 0 6139383 1
156493 0 6139386 1
156493 0 6139387 1
156493 0 6357270 1
156493 0 6524746 1
156493 0 6775071 1
156493 0 6983821 1
156493 0 7055262 1
156493 0 7055263 1
156493 0 7104323 1
156493 0 7371077 1
156493 0 7371078 1
156493 0 7371079 1
156493 0 7431316 1
156493 0 750111 1
156493 0 8029433 1
156493 0 8182159 1
156493 0 8182160 1
156493 0 8182161 1
156493 0 8182162 1
156493 0 8182165 1
156493 0 8182166 1
156493 0 8245444 1
156493 0 8266017 1
156493 0 8273011 1
156493 0 8273013 1
156493 0 8273015 1
156493 0 8273017 1
156493 0 8273019 1
156493 0 8393766 1
156493 0 8725855 1
156493 0 8803136 1
156493 0 8820525 1
156493 0 8820526 1
156493 0 885944 1
156493 0 911794 1
156493 0 95512 1
156493 0 95513 1
156493 0 95514 1
156493 0 95515 1
156493 0 95517 1
156493 0 95518 1
156493 0 95519 1
156493 0 95521 1
156493 0 994486 1
168216 0 1090088 1
168216 0 1090089 1
168216 0 1183703 1
168216 0 1183706 1
168216 0 119130 1
168216 0 1274194 1
168216 0 1301465 1
168216 0 1301466 1
168216 0 1301467 1
168216 0 1301468 1
168216 0 1301469 1
168216 0 1301470 1
168216 0 1301471 1
168216 0 1301472 1
168216 0 1301473 1
168216 0 1301474 1
168216 0 13499 1
168216 0 1381477 1
168216 0 141221 1
168216 0 1677027 1
168216 0 1735358 1
168216 0 1735360 1
168216 0 1832002 1
168216 0 1860841 1
168216 0 1860843 1
168216 0 1860844 1
168216 0 1860848 1
168216 0 1924796 1
168216 0 1924800 1
168216 0 1974321 1
168216 0 1982106 1
168216 0 2036279 1
168216 0 2036283 1
168216 0 2069988 1
168216 0 2069992 1
168216 0 2069995 1
168216 0 2210772 1
168216 0 2210773 1
168216 0 2210774 1
168216 0 2210775 1
168216 0 2210778 1
168216 0 2210780 1
168216 0 2265769 1
168216 0 2265772 1
168216 0 2444467 1
168216 0 2611845 1
168216 0 2659074 1
168216 0 2735305 1
168216 0 2774854 1
168216 0 2774855 1
168216 0 2774860 1
168216 0 2774862 1
168216 0 2790904 1
168216 0 2806307 1
168216 0 290826 1
168216 0 3004214 1
168216 0 3033359 1
168216 0 3034378 1
168216 0 3096688 1
168216 0 3174840 1
168216 0 3198680 1
168216 0 3198681 1
168216 0 3198682 1
168216 0 3198683 1
168216 0 3198684 1
168216 0 3198685 1
168216 0 3198686 1
168216 0 3198687 1
168216 0 3198689 1
168216 0 3342536 1
168216 0 3344828 1
168216 0 3344830 1
168216 0 3344832 1
168216 0 3344833 1
168216 0 3344834 1
168216 0 3344835 1
168216 0 3344837 1
168216 0 3399712 1
168216 0 3399713 1
168216 0 3399714 1
168216 0 3399715 1
168216 0 3399716 1
168216 0 3399717 1
168216 0 3399718 1
168216 0 3399719 1
168216 0 3399720 1
168216 0 3401389 1
168216 0 3415208 1
168216 0 3463552 1
168216 0 3463555 1
168216 0 3463556 1
168216 0 3507767 1
168216 0 3556745 1
168216 0 3670943 1
168216 0 3670949 1
168216 0 3681093 1
168216 0 3681094 1
168216 0 3681095 1
168216 0 3681096 1
168216 0 3681097 1
168216 0 3681098 1
168216 0 3681099 1
168216 0 3681100 1
168216 0 3790896 1
168216 0 3830857 1
168216 0 3908773 1
168216 0 3908774 1
168216 0 3908775 1
168216 0 3908776 1
168216 0 3908777 1
168216 0 3908778 1
168216 0 3908779 1
168216 0 3908780 1
168216 0 3908781 1
168216 0 4119829 1
168216 0 4160802 1
168216 0 4191388 1
168216 0 4191389 1
168216 0 4191391 1
168216 0 4191395 1
168216 0 4191396 1
168216 0 4215276 1
168216 0 4243074 1
168216 0 4245217 1
168216 0 4245218 1
168216 0 4245219 1
168216 0 4324487 1
168216 0 4324491 1
168216 0 4324492 1
168216 0 4324493 1
168216 0 4329739 1
168216 0 4493882 1
168216 0 4498419 1
168216 0 4498423 1
168216 0 4600607 1
168216 0 4600608 1
168216 0 4600609 1
168216 0 4600610 1
168216 0 4656291 1
168216 0 4656297 1
168216 0 4741403 1
168216 0 4741406 1
168216 0 4792582 1
168216 0 4792583 1
168216 0 4918399 1
168216 0 4938900 1
168216 0 5004346 1
168216 0 5024306 1
168216 0 5024307 1
168216 0 5024309 1
168216 0 5024311 1
168216 0 5024313 1
168216 0 504720 1
168216 0 504725 1
168216 0 5050210 1
168216 0 5114458 1
168216 0 527409 1
168216 0 5293614 1
168216 0 5298477 1
168216 0 5298481 1
168216 0 5298483 1
168216 0 5298484 1
168216 0 5314644 1
168216 0 5346757 1
168216 0 5370224 1
168216 0 5657932 1
168216 0 5690224 1
168216 0 5771045 1
168216 0 5880511 1
168216 0 5935473 1
168216 0 5935474 1
168216 0 5935476 1
168216 0 5935477 1
168216 0 5935479 1
168216 0 6012597 1
168216 0 6012598 1
168216 0 6012600 1
168216 0 6061717 1
168216 0 6061718 1
168216 0 6061719 1
168216 0 6061720 1
168216 0 6061721 1
168216 0 6061722 1
168216 0 6061723 1
168216 0 6061724 1
168216 0 6061725 1
168216 0 6061726 1
168216 0 6172551 1
168216 0 6213322 1
168216 0 6213323 1
168216 0 6213324 1
168216 0 6213325 1
168216 0 6213326 1
168216 0 6214542 1
168216 0 6219117 1
168216 0 6219118 1
168216 0 6219119 1
168216 0 6219121 1
168216 0 6219122 1
168216 0 6249512 1
168216 0 6264729 1
168216 0 6264730 1
168216 0 6264731 1
168216 0 6264732 1
168216 0 6264733 1
168216 0 6264734 1
168216 0 6264735 1
168216 0 6282560 1
168216 0 6282561 1
168216 0 6282562 1
168216 0 6282564 1
168216 0 6282567 1
168216 0 6329932 1
168216 0 6426630 1
168216 0 6426631 1
168216 0 6426632 1
168216 0 6426633 1
168216 0 6426634 1
168216 0 6426635 1
168216 0 6426636 1
168216 0 6426637 1
168216 0 6426638 1
168216 0 6457806 1
168216 0 6548726 1
168216 0 6584042 1
168216 0 661750 1
168216 0 661757 1
168216 0 6643451 1
168216 0 6786380 1
168216 0 6817965 1
168216 0 689769 1
168216 0 6989580 1
168216 0 6996835 1
168216 0 7049039 1
168216 0 731200 1
168216 0 7337513 1
168216 0 7337518 1
168216 0 7337519 1
168216 0 7492748 1
168216 0 7492752 1
168216 0 7492753 1
168216 0 7492754 1
168216 0 7492755 1
168216 0 7492756 1
168216 0 7595680 1
168216 0 7595682 1
168216 0 7595684 1
168216 0 7745780 1
168216 0 8048968 1
168216 0 8048969 1
168216 0 8048973 1
168216 0 8141128 1
168216 0 8185129 1
168216 0 8185131 1
168216 0 8185134 1
168216 0 8185135 1
168216 0 8185137 1
168216 0 8252757 1
168216 0 8252758 1
168216 0 8252759 1
168216 0 8252761 1
168216 0 8252762 1
168216 0 8252763 1
168216 0 8252764 1
168216 0 8319214 1
168216 0 8319215 1
168216 0 8319216 1
168216 0 8319218 1
168216 0 8320715 1
168216 0 8400578 1
168216 0 851276 1
168216 0 856274 1
168216 0 8627333 1
168216 0 8639627 1
168216 0 8639630 1
168216 0 8639633 1
168216 0 8723467 1
168216 0 8731617 1
168216 0 8731618 1
168216 0 8731620 1
168216 0 8731621 1
168216 0 8731622 1
168216 0 8731623 1
168216 0 8731624 1
168216 0 8731625 1
168216 0 8743646 1
168216 0 8766386 1
168216 0 8766387 1
168216 0 8766391 1
182539 0 1307234 1
182539 0 1307235 1
182539 0 1638687 1
182539 0 1638689 1
182539 0 1638690 1
182539 0 2092202 1
182539 0 2909954 1
182539 0 2909960 1
182539 0 2909961 1
182539 0 3760957 1
182539 0 3883077 1
182539 0 3883081 1
182539 0 4730803 1
182539 0 5567729 1
182539 0 5567732 1
182539 0 5701365 1
182539 0 57443 1
182539 0 57444 1
182539 0 57447 1
182539 0 57448 1
182539 0 57449 1
182539 0 57452 1
182539 0 6037973 1
182539 0 6570493 1
182539 0 6783449 1
182539 0 6816571 1
182539 0 6816572 1
182539 0 6816573 1
182539 0 6816574 1
182539 0 6816579 1
182539 0 6957819 1
182539 0 6957823 1
182539 0 6980965 1
182539 0 7371255 1
182539 0 7371257 1
182539 0 7371259 1
182539 0 7371261 1
182539 0 7371262 1
182539 0 738025 1
182539 0 7583024 1
182539 0 8299659 1
182539 0 8299661 1
182539 0 8299665 1
182539 0 8299668 1
182539 0 8515182 1
182539 0 8598792 1
182539 0 8757178 1
182539 0 8757179 1
182539 0 8757180 1
182539 0 8757181 1
182539 0 8757182 1
182539 0 8757183 1
182539 0 8757184 1
183378 0 1087366 1
183378 0 1127571 1
183378 0 1239964 1
183378 0 1239966 1
183378 0 1247358 1
183378 0 1289489 1
183378 0 1289490 1
183378 0 1289493 1
183378 0 1289495 1
183378 0 1289496 1
183378 0 1289497 1
183378 0 1555656 1
183378 0 1561158 1
183378 0 1566057 1
183378 0 1605672 1
183378 0 1605768 1
183378 0 1678834 1
183378 0 1730044 1
183378 0 1730858 1
183378 0 1750227 1
183378 0 1773958 1
183378 0 1773959 1
183378 0 1854176 1
183378 0 1908513 1
183378 0 192535 1
183378 0 1960310 1
183378 0 2046681 1
183378 0 206299 1
183378 0 2095235 1
183378 0 2095237 1
183378 0 2234245 1
183378 0 2234247 1
183378 0 229739 1
183378 0 2352713 1
183378 0 2352716 1
183378 0 2403808 1
183378 0 2403811 1
183378 0 2493332 1
183378 0 2499861 1
183378 0 2499865 1
183378 0 2533256 1
183378 0 2533260 1
183378 0 2533262 1
183378 0 2574033 1
183378 0 2593965 1
183378 0 2644128 1
183378 0 2644131 1
183378 0 2644132 1
183378 0 2644601 1
183378 0 26660 1
183378 0 2874543 1
183378 0 3009378 1
183378 0 3093214 1
183378 0 3093215 1
183378 0 3093217 1
183378 0 3093218 1
183378 0 3093220 1
183378 0 3119899 1
183378 0 3128361 1
183378 0 3128362 1
183378 0 3156614 1
183378 0 3185607 1
183378 0 3185611 1
183378 0 327908 1
183378 0 327909 1
183378 0 327913 1
183378 0 327914 1
183378 0 3377749 1
183378 0 3389578 1
183378 0 3389579 1
183378 0 3389580 1
183378 0 3389581 1
183378 0 3389582 1
183378 0 3389584 1
183378 0 3389585 1
183378 0 349581 1
183378 0 349585 1
183378 0 3561703 1
183378 0 3578563 1
183378 0 371475 1
183378 0 3719076 1
183378 0 3854211 1
183378 0 3854428 1
183378 0 3867601 1
183378 0 3867604 1
183378 0 3888461 1
183378 0 3909768 1
183378 0 3922973 1
183378 0 3928768 1
183378 0 3953758 1
183378 0 3953760 1
183378 0 3987911 1
183378 0 4034821 1
183378 0 4089637 1
183378 0 4134894 1
183378 0 4134895 1
183378 0 4134896 1
183378 0 4134897 1
183378 0 4134899 1
183378 0 4134901 1
183378 0 4134902 1
183378 0 4285002 1
183378 0 4285004 1
183378 0 448707 1
183378 0 4493913 1
183378 0 4493914 1
183378 0 4493915 1
183378 0 4493916 1
183378 0 4493917 1
183378 0 4493918 1
183378 0 4493919 1
183378 0 4493920 1
183378 0 4493921 1
183378 0 4493922 1
183378 0 4512308 1
183378 0 4727412 1
183378 0 4727416 1
183378 0 4727417 1
183378 0 4727418 1
183378 0 4727419 1
183378 0 4803847 1
183378 0 4803848 1
183378 0 4803850 1
183378 0 4803855 1
183378 0 4803856 1
183378 0 4856305 1
183378 0 4977773 1
183378 0 5026678 1
183378 0 5026680 1
183378 0 5088210 1
183378 0 5098266 1
183378 0 5260515 1
183378 0 5260519 1
183378 0 5318552 1
183378 0 5335533 1
183378 0 5391353 1
183378 0 5391354 1
183378 0 5452480 1
183378 0 5460936 1
183378 0 5460939 1
183378 0 5460941 1
183378 0 5486284 1
183378 0 5534703 1
183378 0 5534707 1
183378 0 5534710 1
183378 0 5534711 1
183378 0 5760906 1
183378 0 5798333 1
183378 0 5798338 1
183378 0 5817926 1
183378 0 5817927 1
183378 0 5867680 1
183378 0 5867683 1
183378 0 5867685 1
183378 0 5899214 1
183378 0 6109460 1
183378 0 6109461 1
183378 0 6114693 1
183378 0 6185861 1
183378 0 6220736 1
183378 0 6247404 1
183378 0 6247405 1
183378 0 6291380 1
183378 0 6533300 1
183378 0 6548233 1
183378 0 6548235 1
183378 0 6626236 1
183378 0 6788947 1
183378 0 6788949 1
183378 0 6879259 1
183378 0 7045994 1
183378 0 7128532 1
183378 0 7398706 1
183378 0 7448291 1
183378 0 7449743 1
183378 0 7449744 1
183378 0 7449747 1
183378 0 7449748 1
183378 0 7449750 1
183378 0 7449751 1
183378 0 7449752 1
183378 0 749539 1
183378 0 749540 1
183378 0 749542 1
183378 0 749544 1
183378 0 749547 1
183378 0 749548 1
183378 0 7677968 1
183378 0 7677975 1
183378 0 7678696 1
183378 0 7703397 1
183378 0 7718047 1
183378 0 7718054 1
183378 0 7734209 1
183378 0 7811888 1
183378 0 7920165 1
183378 0 7952869 1
183378 0 8006512 1
183378 0 8121375 1
183378 0 8121377 1
183378 0 8192307 1
183378 0 823211 1
183378 0 8260787 1
183378 0 8381280 1
183378 0 8485658 1
183378 0 8567665 1
183378 0 8567669 1
183378 0 8570255 1
183378 0 8570256 1
183378 0 8570257 1
183378 0 8570258 1
183378 0 8570260 1
183378 0 8570261 1
183378 0 8570263 1
183378 0 8575895 1
183378 0 8577215 1
183378 0 8598372 1
183378 0 8767239 1
183378 0 8767240 1
183378 0 8767241 1
183378 0 8794302 1
183378 0 8794303 1
183378 0 8794304 1
183378 0 8794306 1
183378 0 8794307 1
183378 0 8794308 1
183378 0 914900 1
183378 0 914901 1
183378 0 950480 1
207786 0 1029962 1
207786 0 1392585 1
207786 0 2628326 1
207786 0 2763917 1
207786 0 3717766 1
207786 0 4218707 1
207786 0 4486236 1
207786 0 6031630 1
207786 0 7510472 1
207786 0 7599318 1
207786 0 7639366 1
207786 0 7941579 1
207786 0 817177 1
207786 0 817180 1
207786 0 8185061 1
207786 0 8273754 1
207786 0 8273755 1
207786 0 8273756 1
207786 0 8273757 1
207786 0 8273758 1
207786 0 8273760 1
207786 0 8273761 1
207786 0 8273762 1
207786 0 8273763 1
264014 0 1240266 1
264014 0 1444286 1
264014 0 1610706 1
264014 0 1610707 1
264014 0 1610709 1
264014 0 1610710 1
264014 0 1610711 1
264014 0 1610714 1
264014 0 1611215 1
264014 0 1611221 1
264014 0 1702969 1
264014 0 1702972 1
264014 0 1804644 1
264014 0 2089031 1
264014 0 2164136 1
264014 0 2223171 1
264014 0 2420367 1
264014 0 2472895 1
264014 0 2474340 1
264014 0 2474341 1
264014 0 2474342 1
264014 0 2474346 1
264014 0 2498165 1
264014 0 2498169 1
264014 0 2572557 1
264014 0 2616296 1
264014 0 2689662 1
264014 0 2810700 1
264014 0 331928 1
264014 0 331929 1
264014 0 331931 1
264014 0 331932 1
264014 0 331934 1
264014 0 331936 1
264014 0 3338821 1
264014 0 3338822 1
264014 0 3338825 1
264014 0 3338826 1
264014 0 3338827 1
264014 0 3338828 1
264014 0 3362112 1
264014 0 3372501 1
264014 0 3389744 1
264014 0 3396076 1
264014 0 3577338 1
264014 0 3577340 1
264014 0 3577341 1
264014 0 3577342 1
264014 0 3577343 1
264014 0 3577344 1
264014 0 3577345 1
264014 0 3577347 1
264014 0 3601328 1
264014 0 3601329 1
264014 0 3601331 1
264014 0 3601332 1
264014 0 3601333 1
264014 0 3601334 1
264014 0 3601337 1
264014 0 3666583 1
264014 0 3666584 1
264014 0 3683674 1
264014 0 3720137 1
264014 0 3835935 1
264014 0 3841908 1
264014 0 3841909 1
264014 0 3841910 1
264014 0 4016008 1
264014 0 4016011 1
264014 0 4016017 1
264014 0 4043723 1
264014 0 4126497 1
264014 0 4239608 1
264014 0 4239612 1
264014 0 4259227 1
264014 0 4367667 1
264014 0 447992 1
264014 0 4539746 1
264014 0 4641917 1
264014 0 4647186 1
264014 0 4687213 1
264014 0 4710717 1
264014 0 4825862 1
264014 0 4825863 1
264014 0 4834543 1
264014 0 4834544 1
264014 0 4834546 1
264014 0 4834547 1
264014 0 4834548 1
264014 0 5151339 1
264014 0 5269173 1
264014 0 528372 1
264014 0 528373 1
264014 0 528375 1
264014 0 528376 1
264014 0 528377 1
264014 0 528378 1
264014 0 528379 1
264014 0 528380 1
264014 0 528381 1
264014 0 5324946 1
264014 0 5324948 1
264014 0 5328095 1
264014 0 552765 1
264014 0 5583424 1
264014 0 5583426 1
264014 0 5611210 1
264014 0 5611211 1
264014 0 5611212 1
264014 0 5611213 1
264014 0 5611214 1
264014 0 5611215 1
264014 0 5611216 1
264014 0 5611217 1
264014 0 5611218 1
264014 0 5611219 1
264014 0 5635514 1
264014 0 5635515 1
264014 0 5635516 1
264014 0 5635517 1
264014 0 5635518 1
264014 0 5635519 1
264014 0 5635520 1
264014 0 5635521 1
264014 0 5635522 1
264014 0 5635523 1
264014 0 5672391 1
264014 0 5688727 1
264014 0 5688730 1
264014 0 5780490 1
264014 0 5780498 1
264014 0 5819142 1
264014 0 58384 1
264014 0 58385 1
264014 0 58386 1
264014 0 58387 1
264014 0 5849267 1
264014 0 5849268 1
264014 0 5849270 1
264014 0 5849271 1
264014 0 5849272 1
264014 0 5849274 1
264014 0 5849711 1
264014 0 5950718 1
264014 0 5950719 1
264014 0 5950720 1
264014 0 5950721 1
264014 0 5950722 1
264014 0 5950723 1
264014 0 5950724 1
264014 0 5950726 1
264014 0 6105566 1
264014 0 6105567 1
264014 0 6105568 1
264014 0 6105569 1
264014 0 6105571 1
264014 0 6105572 1
264014 0 6198294 1
264014 0 6198295 1
264014 0 6333839 1
264014 0 6333841 1
264014 0 6334964 1
264014 0 6413944 1
264014 0 6413950 1
264014 0 6413951 1
264014 0 6501719 1
264014 0 6555321 1
264014 0 6555322 1
264014 0 6641238 1
264014 0 6641241 1
264014 0 6773914 1
264014 0 6773920 1
264014 0 6791755 1
264014 0 6791757 1
264014 0 6791760 1
264014 0 684616 1
264014 0 684618 1
264014 0 684621 1
264014 0 684622 1
264014 0 7323462 1
264014 0 7323463 1
264014 0 7323466 1
264014 0 7323467 1
264014 0 7323468 1
264014 0 7323470 1
264014 0 7323471 1
264014 0 7326932 1
264014 0 7326933 1
264014 0 7326934 1
264014 0 7326936 1
264014 0 7809272 1
264014 0 8012101 1
264014 0 8012103 1
264014 0 8332127 1
264014 0 8502491 1
264014 0 8555145 1
264014 0 8608903 1
264014 0 8608908 1
264014 0 8760488 1
264014 0 8801656 1
264014 0 8801661 1
264014 0 935825 1
264014 0 96851 1
264014 0 96852 1
264014 0 96853 1
264014 0 96854 1
264014 0 96855 1
264014 0 96856 1
264014 0 96857 1
264014 0 96858 1
264014 0 96859 1
359349 0 1394085 1
359349 0 1394087 1
359349 0 15799 1
359349 0 15807 1
359349 0 1830512 1
359349 0 1830516 1
359349 0 1830517 1
359349 0 205472 1
359349 0 2293818 1
359349 0 2293820 1
359349 0 2434861 1
359349 0 2826510 1
359349 0 2826511 1
359349 0 2826512 1
359349 0 2826513 1
359349 0 3176544 1
359349 0 3176546 1
359349 0 3193824 1
359349 0 3223831 1
359349 0 3223833 1
359349 0 3900185 1
359349 0 4013723 1
359349 0 4020470 1
359349 0 4020477 1
359349 0 4344098 1
359349 0 4344101 1
359349 0 457673 1
359349 0 4624153 1
359349 0 5345720 1
359349 0 5547389 1
359349 0 5615181 1
359349 0 5615187 1
359349 0 576628 1
359349 0 576629 1
359349 0 5773714 1
359349 0 5806106 1
359349 0 6031049 1
359349 0 6108721 1
359349 0 6834175 1
359349 0 68647 1
359349 0 68648 1
359349 0 68649 1
359349 0 68653 1
359349 0 6873860 1
359349 0 7062669 1
359349 0 7062671 1
359349 0 7579883 1
359349 0 8058867 1
359349 0 8058868 1
359349 0 8058873 1
359349 0 8167111 1
359349 0 8167114 1
359349 0 8456698 1
359349 0 8811558 1
359349 0 943229 1
359349 0 943235 1
405717 0 1984962 1
405717 0 2365661 1
405717 0 2702419 1
405717 0 2702423 1
405717 0 2747484 1
405717 0 2768521 1
405717 0 2879960 1
405717 0 2879964 1
405717 0 3033900 1
405717 0 3033905 1
405717 0 3033907 1
405717 0 3274915 1
405717 0 3274918 1
405717 0 3986303 1
405717 0 3986305 1
405717 0 3986309 1
405717 0 4418059 1
405717 0 4489666 1
405717 0 4704975 1
405717 0 4704978 1
405717 0 4828118 1
405717 0 5079482 1
405717 0 5428443 1
405717 0 6654653 1
405717 0 6678050 1
405717 0 7170626 1
405717 0 7170630 1
405717 0 7288996 1
405717 0 758586 1
405717 0 7728831 1
405717 0 7896211 1
405717 0 8156519 1
405717 0 8433854 1
405717 0 8433857 1
405717 0 8433858 1
443396 0 1055834 1
443396 0 1055835 1
443396 0 179830 1
443396 0 2130373 1
443396 0 2130375 1
443396 0 2130381 1
443396 0 2169377 1
443396 0 2671287 1
443396 0 2733683 1
443396 0 2733689 1
443396 0 2871447 1
443396 0 289513 1
443396 0 3440848 1
443396 0 3440850 1
443396 0 3440851 1
443396 0 3440853 1
443396 0 3440854 1
443396 0 3721948 1
443396 0 4205261 1
443396 0 4205264 1
443396 0 4205265 1
443396 0 4513336 1
443396 0 4513339 1
443396 0 4513342 1
443396 0 4565615 1
443396 0 457791 1
443396 0 4600638 1
443396 0 4792652 1
443396 0 4792657 1
443396 0 5444257 1
443396 0 5447938 1
443396 0 5503972 1
443396 0 6096578 1
443396 0 6346929 1
443396 0 6449327 1
443396 0 6555770 1
443396 0 6555771 1
443396 0 6555772 1
443396 0 6555773 1
443396 0 6555774 1
443396 0 6555775 1
443396 0 6555776 1
443396 0 6555778 1
443396 0 6555779 1
443396 0 6717682 1
443396 0 6743157 1
443396 0 7054522 1
443396 0 7116091 1
443396 0 725938 1
443396 0 725939 1
443396 0 725940 1
443396 0 725941 1
443396 0 725942 1
443396 0 725944 1
443396 0 725945 1
443396 0 725947 1
443396 0 7305588 1
443396 0 7519443 1
443396 0 7519448 1
443396 0 7656427 1
443396 0 7708932 1
443396 0 7708934 1
443396 0 7708935 1
443396 0 7708936 1
443396 0 7708937 1
443396 0 7708938 1
443396 0 7708939 1
443396 0 8079039 1
443396 0 8079042 1
443396 0 8079043 1
443396 0 8152556 1
443396 0 8219031 1
443396 0 8441048 1
443396 0 8536118 1
443396 0 8536121 1
443396 0 8536122 1
443396 0 8536123 1
443396 0 8693530 1
443396 0 8760085 1
443396 0 8760090 1
443396 0 8769905 1
443396 0 8769907 1
443396 0 8769908 1
443396 0 8769911 1
443396 0 8790078 1
443396 0 8790079 1
443396 0 8790080 1
443396 0 8790081 1
443396 0 8790082 1
443396 0 8790083 1
443396 0 8790084 1
443396 0 8790085 1
443396 0 8790086 1
443396 0 8793491 1
451602 0 103181 1
451602 0 1078132 1
451602 0 1078134 1
451602 0 1094131 1
451602 0 1094132 1
451602 0 1094139 1
451602 0 1096342 1
451602 0 1211642 1
451602 0 1211643 1
451602 0 1211647 1
451602 0 124065 1
451602 0 1251646 1
451602 0 1277290 1
451602 0 1345709 1
451602 0 1373769 1
451602 0 1487899 1
451602 0 1542548 1
451602 0 1554231 1
451602 0 1580615 1
451602 0 1868905 1
451602 0 1897978 1
451602 0 1897981 1
451602 0 2031662 1
451602 0 2065190 1
451602 0 2084909 1
451602 0 2133671 1
451602 0 2142558 1
451602 0 2176455 1
451602 0 2176459 1
451602 0 2231589 1
451602 0 2329895 1
451602 0 23565 1
451602 0 2383971 1
451602 0 2414919 1
451602 0 2486936 1
451602 0 264875 1
451602 0 264876 1
451602 0 264881 1
451602 0 2671181 1
451602 0 2796545 1
451602 0 2922141 1
451602 0 2922142 1
451602 0 2922147 1
451602 0 2922148 1
451602 0 3090667 1
451602 0 3177691 1
451602 0 3509960 1
451602 0 3602215 1
451602 0 362771 1
451602 0 362780 1
451602 0 3781323 1
451602 0 3781331 1
451602 0 3790251 1
451602 0 384317 1
451602 0 4061142 1
451602 0 4176454 1
451602 0 4233760 1
451602 0 4352596 1
451602 0 4352597 1
451602 0 4352600 1
451602 0 436291 1
451602 0 4380277 1
451602 0 4453605 1
451602 0 4467811 1
451602 0 4495080 1
451602 0 4578310 1
451602 0 4798722 1
451602 0 4798729 1
451602 0 4863797 1
451602 0 4863800 1
451602 0 4874640 1
451602 0 4874642 1
451602 0 4874643 1
451602 0 4874644 1
451602 0 5008865 1
451602 0 508601 1
451602 0 5122675 1
451602 0 5179251 1
451602 0 5241633 1
451602 0 5320781 1
451602 0 5451777 1
451602 0 5538936 1
451602 0 5538938 1
451602 0 5538942 1
451602 0 5655693 1
451602 0 5661134 1
451602 0 5915191 1
451602 0 601510 1
451602 0 6149891 1
451602 0 6158710 1
451602 0 6171396 1
451602 0 6286973 1
451602 0 6286974 1
451602 0 6286975 1
451602 0 6286976 1
451602 0 6286977 1
451602 0 6286978 1
451602 0 6286979 1
451602 0 6286980 1
451602 0 6286981 1
451602 0 6286982 1
451602 0 631383 1
451602 0 6587791 1
451602 0 6618756 1
451602 0 6618758 1
451602 0 6618763 1
451602 0 6697737 1
451602 0 678179 1
451602 0 6824692 1
451602 0 6824695 1
451602 0 6827517 1
451602 0 6942418 1
451602 0 6942790 1
451602 0 7127634 1
451602 0 7172679 1
451602 0 7179468 1
451602 0 7179473 1
451602 0 7232293 1
451602 0 7232295 1
451602 0 7315074 1
451602 0 7428020 1
451602 0 7444911 1
451602 0 7558643 1
451602 0 7574511 1
451602 0 7693252 1
451602 0 7800959 1
451602 0 7800962 1
451602 0 7859334 1
451602 0 7871479 1
451602 0 8047626 1
451602 0 8214451 1
451602 0 8214452 1
451602 0 8281322 1
451602 0 8295161 1
451602 0 8382005 1
451602 0 8383461 1
451602 0 8383462 1
451602 0 8383463 1
451602 0 8390518 1
451602 0 8390519 1
451602 0 8390521 1
451602 0 8390525 1
451602 0 8434177 1
451602 0 8434178 1
451602 0 8434180 1
451602 0 847210 1
451602 0 8595356 1
451602 0 8621776 1
451602 0 8621779 1
451602 0 8621784 1
451602 0 930490 1
451602 0 930493 1
451602 0 96222 1
451602 0 96229 1
489204 0 1051494 1
489204 0 1051498 1
489204 0 1090435 1
489204 0 1114410 1
489204 0 1231674 1
489204 0 1231678 1
489204 0 1383251 1
489204 0 1430550 1
489204 0 1431271 1
489204 0 1479542 1
489204 0 1513820 1
489204 0 152948 1
489204 0 1557550 1
489204 0 1664640 1
489204 0 1664643 1
489204 0 1778458 1
489204 0 1820199 1
489204 0 1820203 1
489204 0 187571 1
489204 0 1905740 1
489204 0 216492 1
489204 0 2445205 1
489204 0 2645311 1
489204 0 2899721 1
489204 0 3049941 1
489204 0 320071 1
489204 0 320073 1
489204 0 320076 1
489204 0 320079 1
489204 0 3310420 1
489204 0 3353678 1
489204 0 3353685 1
489204 0 3438217 1
489204 0 34400 1
489204 0 3710413 1
489204 0 3980122 1
489204 0 415420 1
489204 0 4159098 1
489204 0 4159416 1
489204 0 4222521 1
489204 0 4538296 1
489204 0 4574496 1
489204 0 4586570 1
489204 0 4662177 1
489204 0 5005765 1
489204 0 5143975 1
489204 0 5156386 1
489204 0 518994 1
489204 0 5513331 1
489204 0 5541646 1
489204 0 5640841 1
489204 0 5640844 1
489204 0 5640846 1
489204 0 5640849 1
489204 0 5815957 1
489204 0 5842850 1
489204 0 5856565 1
489204 0 5856566 1
489204 0 5856571 1
489204 0 5895917 1
489204 0 6087666 1
489204 0 6327175 1
489204 0 6435264 1
489204 0 6581779 1
489204 0 6620077 1
489204 0 6727272 1
489204 0 6816322 1
489204 0 6879782 1
489204 0 7037597 1
489204 0 7064814 1
489204 0 7112941 1
489204 0 7113153 1
489204 0 7113309 1
489204 0 7134737 1
489204 0 7134742 1
489204 0 759508 1
489204 0 759509 1
489204 0 759510 1
489204 0 7652972 1
489204 0 769136 1
489204 0 7815337 1
489204 0 8047853 1
489204 0 827173 1
489204 0 827174 1
489204 0 852250 1
489204 0 852257 1
489204 0 855963 1
489204 0 8585820 1
489204 0 8594272 1
489204 0 872471 1
489204 0 8737046 1
489204 0 8737047 1
489204 0 8737051 1
489204 0 8773552 1
489204 0 883663 1
489204 0 889060 1
490595 0 1160847 1
490595 0 1473259 1
490595 0 1652460 1
490595 0 1814180 1
490595 0 1894652 1
490595 0 1929910 1
490595 0 1929911 1
490595 0 2850740 1
490595 0 3595607 1
490595 0 3833407 1
490595 0 3833410 1
490595 0 3937195 1
490595 0 3937197 1
490595 0 3937200 1
490595 0 3937202 1
490595 0 3937203 1
490595 0 3948082 1
490595 0 4082316 1
490595 0 4082319 1
490595 0 4737059 1
490595 0 4737060 1
490595 0 4737061 1
490595 0 4737063 1
490595 0 4737064 1
490595 0 4737065 1
490595 0 4737066 1
490595 0 4737067 1
490595 0 4737068 1
490595 0 4763066 1
490595 0 4842889 1
490595 0 4842890 1
490595 0 4842891 1
490595 0 4842894 1
490595 0 4842895 1
490595 0 4842896 1
490595 0 4842897 1
490595 0 5112294 1
490595 0 5149754 1
490595 0 5247992 1
490595 0 5247999 1
490595 0 5248000 1
490595 0 526093 1
490595 0 549465 1
490595 0 5633631 1
490595 0 6412650 1
490595 0 6742119 1
490595 0 6976960 1
490595 0 7698199 1
490595 0 7704024 1
490595 0 805046 1
490595 0 805047 1
490595 0 805048 1
490595 0 805051 1
490595 0 8485139 1
490595 0 8485141 1
527433 0 1000485 1
527433 0 1212778 1
527433 0 1212782 1
527433 0 1212784 1
527433 0 1212786 1
527433 0 1379237 1
527433 0 1379239 1
527433 0 1379240 1
527433 0 1379242 1
527433 0 1379245 1
527433 0 1404580 1
527433 0 1664518 1
527433 0 1664523 1
527433 0 2045580 1
527433 0 2649533 1
527433 0 269430 1
527433 0 288675 1
527433 0 2931562 1
527433 0 3224403 1
527433 0 3224404 1
527433 0 3425595 1
527433 0 3425601 1
527433 0 3425604 1
527433 0 3774355 1
527433 0 3774357 1
527433 0 3774358 1
527433 0 3827084 1
527433 0 3835729 1
527433 0 3835731 1
527433 0 3973284 1
527433 0 3973285 1
527433 0 3973286 1
527433 0 3973287 1
527433 0 3973290 1
527433 0 4064455 1
527433 0 452715 1
527433 0 4952129 1
527433 0 4952135 1
527433 0 5034544 1
527433 0 5034546 1
527433 0 542050 1
527433 0 5466805 1
527433 0 5466807 1
527433 0 5466810 1
527433 0 5603298 1
527433 0 6015376 1
527433 0 6038411 1
527433 0 6065675 1
527433 0 6065678 1
527433 0 6065681 1
527433 0 6186391 1
527433 0 6215001 1
527433 0 6215002 1
527433 0 6398043 1
527433 0 6667277 1
527433 0 6889396 1
527433 0 7105525 1
527433 0 7105531 1
527433 0 7226291 1
527433 0 7357591 1
527433 0 7607669 1
527433 0 7607672 1
527433 0 7787755 1
527433 0 7799466 1
527433 0 7904112 1
527433 0 8306449 1
527433 0 8362259 1
527433 0 8371764 1
527433 0 8615714 1
527433 0 8617271 1
527433 0 8617274 1
527433 0 8737880 1
527433 0 8827928 1
527433 0 890536 1
527433 0 975967 1
573724 0 1005338 1
573724 0 104856 1
573724 0 1165129 1
573724 0 1509940 1
573724 0 1509942 1
573724 0 1816038 1
573724 0 2002448 1
573724 0 2021252 1
573724 0 2133806 1
573724 0 2819390 1
573724 0 3059586 1
573724 0 3059589 1
573724 0 3146238 1
573724 0 3365631 1
573724 0 3365633 1
573724 0 3365635 1
573724 0 3365636 1
573724 0 3365638 1
573724 0 3365639 1
573724 0 3937080 1
573724 0 394136 1
573724 0 394138 1
573724 0 394139 1
573724 0 394141 1
573724 0 394142 1
573724 0 4017883 1
573724 0 41433 1
573724 0 5047796 1
573724 0 5310530 1
573724 0 5339620 1
573724 0 5721829 1
573724 0 5721831 1
573724 0 5962420 1
573724 0 5962423 1
573724 0 5962428 1
573724 0 613337 1
573724 0 6776717 1
573724 0 6789025 1
573724 0 7104825 1
573724 0 7104826 1
573724 0 7104827 1
573724 0 7199667 1
573724 0 7199669 1
573724 0 7199672 1
573724 0 7199673 1
573724 0 7199674 1
573724 0 7199675 1
573724 0 7384329 1
573724 0 7384332 1
573724 0 7384333 1
573724 0 7589690 1
573724 0 7609927 1
573724 0 7609928 1
573724 0 7609930 1
573724 0 7609932 1
573724 0 7674858 1
573724 0 7674859 1
573724 0 7964601 1
573724 0 8047166 1
573724 0 8272972 1
573724 0 8441642 1
573724 0 8444730 1
573724 0 8530902 1
573724 0 87400 1
573724 0 87404 1
573724 0 87405 1
573724 0 8833192 1
573724 0 8833194 1
573724 0 8833199 1
833860 0 115142 1
833860 0 1889863 1
833860 0 2022688 1
833860 0 2037474 1
833860 0 2188108 1
833860 0 2206194 1
833860 0 2206195 1
833860 0 2206196 1
833860 0 2206197 1
833860 0 2206198 1
833860 0 2386361 1
833860 0 2386362 1
833860 0 2626241 1
833860 0 2626245 1
833860 0 2673534 1
833860 0 2673539 1
833860 0 2673542 1
833860 0 2702357 1
833860 0 3087477 1
833860 0 3087481 1
833860 0 3273428 1
833860 0 3421947 1
833860 0 3437281 1
833860 0 3437284 1
833860 0 3437285 1
833860 0 3437286 1
833860 0 3437288 1
833860 0 3437289 1
833860 0 3437290 1
833860 0 4046122 1
833860 0 4431446 1
833860 0 45135 1
833860 0 474455 1
833860 0 4841618 1
833860 0 4881965 1
833860 0 5167510 1
833860 0 5167512 1
833860 0 5167513 1
833860 0 5167518 1
833860 0 5832657 1
833860 0 5832661 1
833860 0 596153 1
833860 0 6211806 1
833860 0 6218032 1
833860 0 6218035 1
833860 0 6218040 1
833860 0 6230220 1
833860 0 6230221 1
833860 0 6230222 1
833860 0 6230223 1
833860 0 6230224 1
833860 0 6230225 1
833860 0 6230226 1
833860 0 6230227 1
833860 0 6230228 1
833860 0 6230229 1
833860 0 6292957 1
833860 0 6812180 1
833860 0 6943598 1
833860 0 6943600 1
833860 0 7038170 1
833860 0 7706738 1
833860 0 7831470 1
833860 0 8068230 1
833860 0 8068231 1
833860 0 8068233 1
833860 0 8344031 1
833860 0 8494105 1
833860 0 8833502 1
833860 0 8833504 1
833860 0 8833505 1
833860 0 8833506 1
833860 0 8833507 1
833860 0 8833509 1
833860 0 918663 1
855410 0 8651770 1
855410 0 8651771 1
855410 0 8651772 1
855410 0 8651775 1
915593 0 1396705 1
915593 0 1396708 1
915593 0 1605506 1
915593 0 1815965 1
915593 0 1907207 1
915593 0 1972028 1
915593 0 210379 1
915593 0 210384 1
915593 0 2588143 1
915593 0 275724 1
915593 0 275726 1
915593 0 275728 1
915593 0 275732 1
915593 0 2923493 1
915593 0 2923494 1
915593 0 2923496 1
915593 0 2923497 1
915593 0 2923498 1
915593 0 2923501 1
915593 0 3357360 1
915593 0 3385968 1
915593 0 3385971 1
915593 0 3485337 1
915593 0 3538160 1
915593 0 3538161 1
915593 0 3538163 1
915593 0 3538167 1
915593 0 3538168 1
915593 0 3573478 1
915593 0 4044822 1
915593 0 4279298 1
915593 0 4566818 1
915593 0 4566822 1
915593 0 4656722 1
915593 0 4834226 1
915593 0 4910037 1
915593 0 4998398 1
915593 0 5117497 1
915593 0 5774013 1
915593 0 5774014 1
915593 0 5931262 1
915593 0 5931263 1
915593 0 5931264 1
915593 0 5931265 1
915593 0 5931266 1
915593 0 5931267 1
915593 0 5931268 1
915593 0 5931269 1
915593 0 5931270 1
915593 0 5931271 1
915593 0 6142152 1
915593 0 6181638 1
915593 0 6226401 1
915593 0 6521993 1
915593 0 6761347 1
915593 0 6923052 1
915593 0 7313730 1
915593 0 7313733 1
915593 0 7709320 1
915593 0 7816726 1
915593 0 7832420 1
915593 0 7861747 1
915593 0 7861748 1
915593 0 7861749 1
915593 0 7861750 1
915593 0 7861751 1
915593 0 7861753 1
915593 0 7861755 1
915593 0 7861756 1
915593 0 7885529 1
915593 0 8002846 1
915593 0 8002850 1
915593 0 8002851 1
915593 0 8002853 1
915593 0 8002854 1
915593 0 8002855 1
915593 0 8029524 1
915593 0 8029527 1
915593 0 8029530 1
915593 0 8029531 1
915593 0 8029533 1
915593 0 8103065 1
915593 0 8103066 1
915593 0 8103067 1
915593 0 82106 1
915593 0 82107 1
915593 0 82108 1
915593 0 82110 1
915593 0 82113 1
915593 0 8402971 1
915593 0 8402972 1
915593 0 8455300 1
962179 0 1645080 1
962179 0 2329692 1
962179 0 2329693 1
962179 0 2329695 1
962179 0 2329696 1
962179 0 2329697 1
962179 0 2329699 1
962179 0 2329701 1
962179 0 2978864 1
962179 0 2978866 1
962179 0 2978871 1
962179 0 3705165 1
962179 0 3896632 1
962179 0 4511499 1
962179 0 4606386 1
962179 0 4606387 1
962179 0 534563 1
962179 0 536176 1
962179 0 5653659 1
962179 0 5919340 1
962179 0 5919342 1
962179 0 6898289 1
962179 0 6980697 1
962179 0 8785367 1
962179 0 8785371 1
1037798 0 3167284 1
1037798 0 3387556 1
1037798 0 3641634 1
1037798 0 3641640 1
1037798 0 4095286 1
1037798 0 4974552 1
1037798 0 5438881 1
1037798 0 6060285 1
1037798 0 720665 1
1037798 0 7466652 1
1037798 0 7822415 1
1037798 0 8537479 1
1037798 0 8760871 1
1063750 0 1048074 1
1063750 0 1074552 1
1063750 0 1086039 1
1063750 0 1086043 1
1063750 0 1098172 1
1063750 0 1098177 1
1063750 0 1124053 1
1063750 0 1124058 1
1063750 0 1191942 1
1063750 0 1191945 1
1063750 0 12258 1
1063750 0 12260 1
1063750 0 12261 1
1063750 0 12264 1
1063750 0 12266 1
1063750 0 1248663 1
1063750 0 1423677 1
1063750 0 1523261 1
1063750 0 1523265 1
1063750 0 1523266 1
1063750 0 1580961 1
1063750 0 1585089 1
1063750 0 16693 1
1063750 0 1697238 1
1063750 0 1866482 1
1063750 0 1866485 1
1063750 0 1866486 1
1063750 0 1922586 1
1063750 0 1922590 1
1063750 0 1923499 1
1063750 0 1923506 1
1063750 0 2075189 1
1063750 0 2091261 1
1063750 0 2220585 1
1063750 0 2230089 1
1063750 0 2230090 1
1063750 0 2230095 1
1063750 0 2243178 1
1063750 0 2391455 1
1063750 0 2391456 1
1063750 0 2391457 1
1063750 0 2391460 1
1063750 0 2399255 1
1063750 0 2399257 1
1063750 0 2402110 1
1063750 0 2470328 1
1063750 0 2479413 1
1063750 0 2496764 1
1063750 0 2496767 1
1063750 0 2551914 1
1063750 0 2569813 1
1063750 0 2569816 1
1063750 0 2569817 1
1063750 0 2578724 1
1063750 0 2653693 1
1063750 0 2679612 1
1063750 0 2728074 1
1063750 0 2728076 1
1063750 0 2728077 1
1063750 0 2768117 1
1063750 0 2768120 1
1063750 0 2768123 1
1063750 0 2768426 1
1063750 0 2784782 1
1063750 0 2784784 1
1063750 0 2951510 1
1063750 0 2975474 1
1063750 0 3078268 1
1063750 0 3078272 1
1063750 0 309311 1
1063750 0 309313 1
1063750 0 309315 1
1063750 0 3095450 1
1063750 0 3098299 1
1063750 0 3132972 1
1063750 0 3132980 1
1063750 0 3134988 1
1063750 0 3134992 1
1063750 0 3134994 1
1063750 0 3192369 1
1063750 0 3192413 1
1063750 0 3192421 1
1063750 0 3259884 1
1063750 0 3259887 1
1063750 0 3259889 1
1063750 0 3259890 1
1063750 0 3259891 1
1063750 0 3259892 1
1063750 0 3268883 1
1063750 0 330159 1
1063750 0 330165 1
1063750 0 3327045 1
1063750 0 3327047 1
1063750 0 3327049 1
1063750 0 3327052 1
1063750 0 3334065 1
1063750 0 3376182 1
1063750 0 3376183 1
1063750 0 3394536 1
1063750 0 3394537 1
1063750 0 3484001 1
1063750 0 3484002 1
1063750 0 3503271 1
1063750 0 3516677 1
1063750 0 3610440 1
1063750 0 3610442 1
1063750 0 3610444 1
1063750 0 3610445 1
1063750 0 3610446 1
1063750 0 3654233 1
1063750 0 3654234 1
1063750 0 3654235 1
1063750 0 3654236 1
1063750 0 3672921 1
1063750 0 3676183 1
1063750 0 3676185 1
1063750 0 3802479 1
1063750 0 3802485 1
1063750 0 3802487 1
1063750 0 3802488 1
1063750 0 3871549 1
1063750 0 3965096 1
1063750 0 3973418 1
1063750 0 3973423 1
1063750 0 4066863 1
1063750 0 4080384 1
1063750 0 4100037 1
1063750 0 4158204 1
1063750 0 4158206 1
1063750 0 4193159 1
1063750 0 4310511 1
1063750 0 4310512 1
1063750 0 4337526 1
1063750 0 4337527 1
1063750 0 4337528 1
1063750 0 4337529 1
1063750 0 4337532 1
1063750 0 4341365 1
1063750 0 4487115 1
1063750 0 4487118 1
1063750 0 4541453 1
1063750 0 45591 1
1063750 0 4559127 1
1063750 0 4559128 1
1063750 0 4559130 1
1063750 0 45592 1
1063750 0 4594376 1
1063750 0 4594377 1
1063750 0 4594382 1
1063750 0 4681092 1
1063750 0 4681094 1
1063750 0 4712113 1
1063750 0 4712119 1
1063750 0 4718159 1
1063750 0 4718161 1
1063750 0 4802035 1
1063750 0 4802036 1
1063750 0 4834969 1
1063750 0 4834974 1
1063750 0 4914009 1
1063750 0 5006969 1
1063750 0 5006973 1
1063750 0 5115489 1
1063750 0 5115490 1
1063750 0 5120823 1
1063750 0 5138673 1
1063750 0 5138680 1
1063750 0 5166434 1
1063750 0 5204904 1
1063750 0 5287968 1
1063750 0 5311939 1
1063750 0 5311940 1
1063750 0 5360356 1
1063750 0 5360360 1
1063750 0 5360361 1
1063750 0 5412858 1
1063750 0 5416787 1
1063750 0 5423930 1
1063750 0 5423931 1
1063750 0 5424172 1
1063750 0 5442711 1
1063750 0 5442713 1
1063750 0 5442715 1
1063750 0 5442718 1
1063750 0 5452779 1
1063750 0 5519516 1
1063750 0 5657603 1
1063750 0 5766337 1
1063750 0 5766345 1
1063750 0 584334 1
1063750 0 5956099 1
1063750 0 5956102 1
1063750 0 5956106 1
1063750 0 6127382 1
1063750 0 6127385 1
1063750 0 6127389 1
1063750 0 621539 1
1063750 0 621544 1
1063750 0 6232574 1
1063750 0 6331478 1
1063750 0 6331481 1
1063750 0 6341347 1
1063750 0 6347199 1
1063750 0 6347200 1
1063750 0 6347205 1
1063750 0 6347206 1
1063750 0 6347207 1
1063750 0 6465909 1
1063750 0 6465910 1
1063750 0 6465912 1
1063750 0 6572590 1
1063750 0 6572591 1
1063750 0 6599404 1
1063750 0 6666444 1
1063750 0 6666451 1
1063750 0 6673653 1
1063750 0 684828 1
1063750 0 6987647 1
1063750 0 7122836 1
1063750 0 7122842 1
1063750 0 7146775 1
1063750 0 7146776 1
1063750 0 7146777 1
1063750 0 7146780 1
1063750 0 7146781 1
1063750 0 7146782 1
1063750 0 7247262 1
1063750 0 7247263 1
1063750 0 7247264 1
1063750 0 7247268 1
1063750 0 7571423 1
1063750 0 7571424 1
1063750 0 7571428 1
1063750 0 759813 1
1063750 0 7742956 1
1063750 0 7778354 1
1063750 0 7791760 1
1063750 0 7791761 1
1063750 0 7837936 1
1063750 0 7837938 1
1063750 0 7857767 1
1063750 0 7862343 1
1063750 0 7862344 1
1063750 0 7882525 1
1063750 0 7952964 1
1063750 0 7952965 1
1063750 0 7952966 1
1063750 0 7952967 1
1063750 0 7952969 1
1063750 0 7952971 1
1063750 0 7959124 1
1063750 0 8170637 1
1063750 0 8170638 1
1063750 0 8170640 1
1063750 0 8183810 1
1063750 0 819283 1
1063750 0 819284 1
1063750 0 8194910 1
1063750 0 8239876 1
1063750 0 8239877 1
1063750 0 8384973 1
1063750 0 8384975 1
1063750 0 8384979 1
1063750 0 8640242 1
1063750 0 8658912 1
1063750 0 8658915 1
1063750 0 8658918 1
1063750 0 8669866 1
1063750 0 8697948 1
1063750 0 8722081 1
1063750 0 8821734 1
1063750 0 8821735 1
1063750 0 8821736 1
1063750 0 8821738 1
1063750 0 8821739 1
1063750 0 973371 1
1103812 0 1315739 1
1103812 0 1614303 1
1103812 0 1659850 1
1103812 0 1659852 1
1103812 0 2165733 1
1103812 0 2332189 1
1103812 0 2750960 1
1103812 0 2750961 1
1103812 0 2945096 1
1103812 0 3708772 1
1103812 0 3773618 1
1103812 0 3843263 1
1103812 0 3843267 1
1103812 0 3843270 1
1103812 0 3940091 1
1103812 0 4292848 1
1103812 0 4401695 1
1103812 0 5581839 1
1103812 0 5581840 1
1103812 0 6289840 1
1103812 0 7753287 1
1103812 0 8049013 1
1103812 0 8157968 1
1103812 0 8220081 1
1103812 0 8220085 1
1103812 0 8220086 1
1103812 0 8220087 1
1103812 0 8220088 1
1103812 0 8220089 1
1103812 0 8224183 1
1103812 0 8293805 1
1106007 0 1020463 1
1106007 0 1334328 1
1106007 0 1334330 1
1106007 0 1334331 1
1106007 0 1334334 1
1106007 0 1334335 1
1106007 0 1334336 1
1106007 0 1342527 1
1106007 0 1601160 1
1106007 0 1905163 1
1106007 0 1905166 1
1106007 0 2002045 1
1106007 0 2430920 1
1106007 0 2464375 1
1106007 0 2513609 1
1106007 0 2672601 1
1106007 0 2672608 1
1106007 0 272753 1
1106007 0 272761 1
1106007 0 2827493 1
1106007 0 2866630 1
1106007 0 293370 1
1106007 0 2960561 1
1106007 0 2960563 1
1106007 0 2960564 1
1106007 0 2960566 1
1106007 0 3470705 1
1106007 0 4173709 1
1106007 0 4787149 1
1106007 0 4787153 1
1106007 0 4787157 1
1106007 0 5204536 1
1106007 0 5204538 1
1106007 0 5716681 1
1106007 0 5774818 1
1106007 0 5780391 1
1106007 0 6032859 1
1106007 0 7500585 1
1106007 0 7500586 1
1106007 0 7500587 1
1106007 0 7685380 1
1106007 0 7685382 1
1106007 0 7685385 1
1106007 0 7685388 1
1106007 0 7797163 1
1106007 0 7797167 1
1106007 0 788333 1
1106007 0 8199520 1
1106007 0 8199524 1
1106007 0 8204457 1
1106007 0 8204462 1
1106007 0 8204463 1
1106007 0 8204464 1
1106007 0 8502783 1
1106007 0 8521673 1
1106007 0 8596078 1
1106007 0 8685446 1
1106007 0 8685453 1
1106007 0 954035 1
1106007 0 954040 1
1110199 0 1321205 1
1110199 0 1732296 1
1110199 0 1901875 1
1110199 0 1901876 1
1110199 0 1901877 1
1110199 0 1901878 1
1110199 0 1901879 1
1110199 0 1901881 1
1110199 0 1901882 1
1110199 0 239444 1
1110199 0 2796199 1
1110199 0 2811563 1
1110199 0 3110637 1
1110199 0 3838638 1
1110199 0 3838645 1
1110199 0 4053650 1
1110199 0 4053652 1
1110199 0 4504233 1
1110199 0 4511137 1
1110199 0 4511144 1
1110199 0 5049363 1
1110199 0 5172684 1
1110199 0 5218014 1
1110199 0 5857921 1
1110199 0 6368887 1
1110199 0 6368891 1
1110199 0 7221366 1
1110199 0 8160518 1
1110199 0 8160519 1
1110199 0 8160520 1
1110199 0 8160521 1
1110199 0 8160522 1
1110199 0 8160524 1
1110199 0 8160527 1
1110199 0 8301971 1
1112341 0 1035060 1
1112341 0 1035061 1
1112341 0 1035062 1
1112341 0 1035063 1
1112341 0 1035064 1
1112341 0 1035065 1
1112341 0 1035066 1
1112341 0 1035067 1
1112341 0 1035068 1
1112341 0 1228458 1
1112341 0 1253945 1
1112341 0 1253952 1
1112341 0 1267515 1
1112341 0 1267516 1
1112341 0 1267517 1
1112341 0 1267518 1
1112341 0 1267519 1
1112341 0 1267520 1
1112341 0 1369480 1
1112341 0 1369482 1
1112341 0 1373646 1
1112341 0 1373648 1
1112341 0 1702898 1
1112341 0 1702902 1
1112341 0 1707313 1
1112341 0 1707314 1
1112341 0 1707315 1
1112341 0 1707316 1
1112341 0 1707317 1
1112341 0 1707318 1
1112341 0 1707319 1
1112341 0 1707321 1
1112341 0 1998330 1
1112341 0 1998331 1
1112341 0 1998332 1
1112341 0 1998333 1
1112341 0 1998335 1
1112341 0 1998338 1
1112341 0 2155567 1
1112341 0 2173822 1
1112341 0 2468291 1
1112341 0 2468292 1
1112341 0 2468293 1
1112341 0 2468295 1
1112341 0 2468296 1
1112341 0 2468297 1
1112341 0 2468298 1
1112341 0 2468299 1
1112341 0 2468300 1
1112341 0 2596431 1
1112341 0 2596432 1
1112341 0 263958 1
1112341 0 2694630 1
1112341 0 2694631 1
1112341 0 2694632 1
1112341 0 2694635 1
1112341 0 2694636 1
1112341 0 2735215 1
1112341 0 2735219 1
1112341 0 2860744 1
1112341 0 2860747 1
1112341 0 2860749 1
1112341 0 2925770 1
1112341 0 2936512 1
1112341 0 2936513 1
1112341 0 3016394 1
1112341 0 3041083 1
1112341 0 3352255 1
1112341 0 3352256 1
1112341 0 3408231 1
1112341 0 3408235 1
1112341 0 345581 1
1112341 0 345585 1
1112341 0 3490001 1
1112341 0 355109 1
1112341 0 355114 1
1112341 0 355115 1
1112341 0 355117 1
1112341 0 355118 1
1112341 0 3552356 1
1112341 0 3670747 1
1112341 0 3670748 1
1112341 0 3670750 1
1112341 0 3670754 1
1112341 0 3670756 1
1112341 0 3795887 1
1112341 0 4102529 1
1112341 0 4161482 1
1112341 0 4416071 1
1112341 0 4416076 1
1112341 0 4566122 1
1112341 0 4566125 1
1112341 0 4595993 1
1112341 0 4595995 1
1112341 0 4595999 1
1112341 0 4704992 1
1112341 0 4977768 1
1112341 0 5043409 1
1112341 0 5133283 1
1112341 0 5133287 1
1112341 0 5133288 1
1112341 0 5192037 1
1112341 0 6102033 1
1112341 0 6164791 1
1112341 0 6303182 1
1112341 0 6303183 1
1112341 0 6303184 1
1112341 0 6303186 1
1112341 0 6303187 1
1112341 0 6311795 1
1112341 0 6311799 1
1112341 0 6311801 1
1112341 0 6342847 1
1112341 0 6726340 1
1112341 0 6726344 1
1112341 0 6947370 1
1112341 0 7088035 1
1112341 0 7088036 1
1112341 0 7088037 1
1112341 0 7088039 1
1112341 0 7088041 1
1112341 0 7373078 1
1112341 0 7373085 1
1112341 0 7516467 1
1112341 0 7615749 1
1112341 0 7708629 1
1112341 0 7714607 1
1112341 0 7752460 1
1112341 0 8134789 1
1112341 0 8134793 1
1112341 0 8134796 1
1112341 0 8134797 1
1112341 0 8139249 1
1112341 0 8139251 1
1112341 0 8139252 1
1112341 0 8139255 1
1112341 0 8139256 1
1112341 0 8139257 1
1112341 0 8139258 1
1112341 0 8442178 1
1112341 0 8606160 1
1112341 0 917582 1
1113437 0 1066532 1
1113437 0 1280565 1
1113437 0 1411655 1
1113437 0 1454812 1
1113437 0 1454814 1
1113437 0 1681783 1
1113437 0 1681785 1
1113437 0 1768727 1
1113437 0 2001933 1
1113437 0 2001934 1
1113437 0 2001935 1
1113437 0 2001936 1
1113437 0 2226349 1
1113437 0 2884191 1
1113437 0 3026984 1
1113437 0 3125150 1
1113437 0 3125152 1
1113437 0 3125154 1
1113437 0 3125155 1
1113437 0 351824 1
1113437 0 351827 1
1113437 0 3518300 1
1113437 0 3685677 1
1113437 0 3687620 1
1113437 0 3687624 1
1113437 0 3880944 1
1113437 0 4016933 1
1113437 0 4016937 1
1113437 0 4016938 1
1113437 0 4367828 1
1113437 0 4367832 1
1113437 0 4498864 1
1113437 0 4751835 1
1113437 0 4751839 1
1113437 0 5188747 1
1113437 0 5514592 1
1113437 0 5546284 1
1113437 0 5546286 1
1113437 0 5546287 1
1113437 0 5546288 1
1113437 0 5781995 1
1113437 0 5863434 1
1113437 0 5996691 1
1113437 0 6021902 1
1113437 0 6174327 1
1113437 0 6174328 1
1113437 0 6174329 1
1113437 0 631949 1
1113437 0 6597538 1
1113437 0 6688843 1
1113437 0 6688846 1
1113437 0 7368427 1
1113437 0 7377270 1
1113437 0 7377271 1
1113437 0 7377272 1
1113437 0 7377274 1
1113437 0 7377275 1
1113437 0 7377277 1
1113437 0 7377278 1
1113437 0 7385216 1
1113437 0 7385217 1
1113437 0 7385219 1
1113437 0 7385221 1
1113437 0 7385222 1
1113437 0 742037 1
1113437 0 742044 1
1113437 0 7497491 1
1113437 0 7497492 1
1113437 0 7497495 1
1113437 0 7890531 1
1113437 0 8128790 1
1113437 0 8128794 1
1113437 0 8128796 1
1113437 0 8503446 1
1113437 0 8503453 1
1113437 0 8566591 1
1113437 0 8729216 1
1114646 0 1316103 1
1114646 0 1316109 1
1114646 0 1544838 1
1114646 0 1884059 1
1114646 0 1913368 1
1114646 0 2201127 1
1114646 0 2647994 1
1114646 0 266552 1
1114646 0 2676807 1
1114646 0 2695353 1
1114646 0 2911035 1
1114646 0 2911039 1
1114646 0 2911450 1
1114646 0 3056368 1
1114646 0 3177805 1
1114646 0 3184850 1
1114646 0 3861594 1
1114646 0 4332918 1
1114646 0 444374 1
1114646 0 444375 1
1114646 0 444377 1
1114646 0 444380 1
1114646 0 444382 1
1114646 0 5041692 1
1114646 0 5279567 1
1114646 0 5417949 1
1114646 0 5417952 1
1114646 0 5417953 1
1114646 0 5417954 1
1114646 0 5417956 1
1114646 0 5569142 1
1114646 0 5640859 1
1114646 0 5687477 1
1114646 0 579554 1
1114646 0 5836029 1
1114646 0 5959593 1
1114646 0 6348309 1
1114646 0 6704400 1
1114646 0 6711103 1
1114646 0 687064 1
1114646 0 7196956 1
1114646 0 771368 1
1114646 0 8117087 1
1114646 0 8117090 1
1114646 0 8117091 1
1114646 0 8117092 1
1114646 0 8117094 1
1114646 0 8117096 1
1114646 0 8327369 1
1114646 0 857788 1
1114646 0 857789 1
1114646 0 8665820 1
1114819 0 1009500 1
1114819 0 1009502 1
1114819 0 1036133 1
1114819 0 104626 1
1114819 0 1074899 1
1114819 0 1092242 1
1114819 0 1119234 1
1114819 0 11843 1
1114819 0 1204744 1
1114819 0 1245291 1
1114819 0 1245292 1
1114819 0 1245295 1
1114819 0 1245298 1
1114819 0 1248112 1
1114819 0 126883 1
1114819 0 1302004 1
1114819 0 1302007 1
1114819 0 1315993 1
1114819 0 1315994 1
1114819 0 1315995 1
1114819 0 1315996 1
1114819 0 1315997 1
1114819 0 1315998 1
1114819 0 1315999 1
1114819 0 1316000 1
1114819 0 1333807 1
1114819 0 1396258 1
1114819 0 1419798 1
1114819 0 1419801 1
1114819 0 1426631 1
1114819 0 1434686 1
1114819 0 1434688 1
1114819 0 1437537 1
1114819 0 1501762 1
1114819 0 1602333 1
1114819 0 1625836 1
1114819 0 1663336 1
1114819 0 1663338 1
1114819 0 1724519 1
1114819 0 1724520 1
1114819 0 1724523 1
1114819 0 1724526 1
1114819 0 1724528 1
1114819 0 1735443 1
1114819 0 1738242 1
1114819 0 1738243 1
1114819 0 1738244 1
1114819 0 1738246 1
1114819 0 1738247 1
1114819 0 1738248 1
1114819 0 1738250 1
1114819 0 1761563 1
1114819 0 1816950 1
1114819 0 1816958 1
1114819 0 1845189 1
1114819 0 1851540 1
1114819 0 1852065 1
1114819 0 1852066 1
1114819 0 1917091 1
1114819 0 2008569 1
1114819 0 2008574 1
1114819 0 2008577 1
1114819 0 2040811 1
1114819 0 2049582 1
1114819 0 2136434 1
1114819 0 2185129 1
1114819 0 2185131 1
1114819 0 2188726 1
1114819 0 2212053 1
1114819 0 2212056 1
1114819 0 2212059 1
1114819 0 2258946 1
1114819 0 2312859 1
1114819 0 236347 1
1114819 0 2421176 1
1114819 0 2477692 1
1114819 0 2490830 1
1114819 0 2490838 1
1114819 0 255280 1
1114819 0 255283 1
1114819 0 2590447 1
1114819 0 2590448 1
1114819 0 2590449 1
1114819 0 2590450 1
1114819 0 2590451 1
1114819 0 2590453 1
1114819 0 2590454 1
1114819 0 2590455 1
1114819 0 264537 1
1114819 0 2649370 1
1114819 0 2668962 1
1114819 0 2694515 1
1114819 0 2756880 1
1114819 0 2831393 1
1114819 0 2839946 1
1114819 0 2926432 1
1114819 0 306606 1
1114819 0 3200532 1
1114819 0 3213416 1
1114819 0 3256326 1
1114819 0 3256328 1
1114819 0 3256329 1
1114819 0 3256332 1
1114819 0 327923 1
1114819 0 327926 1
1114819 0 3288112 1
1114819 0 3353671 1
1114819 0 344350 1
1114819 0 344351 1
1114819 0 344354 1
1114819 0 344355 1
1114819 0 344357 1
1114819 0 3477360 1
1114819 0 3484458 1
1114819 0 3556105 1
1114819 0 3641925 1
1114819 0 3641926 1
1114819 0 3641927 1
1114819 0 3650126 1
1114819 0 3693260 1
1114819 0 3734231 1
1114819 0 3734236 1
1114819 0 3781416 1
1114819 0 3781418 1
1114819 0 3781419 1
1114819 0 3810530 1
1114819 0 3814005 1
1114819 0 3814007 1
1114819 0 3824972 1
1114819 0 3835158 1
1114819 0 3835163 1
1114819 0 3906951 1
1114819 0 3906952 1
1114819 0 3906954 1
1114819 0 3906955 1
1114819 0 3906956 1
1114819 0 3906959 1
1114819 0 3925394 1
1114819 0 393994 1
1114819 0 4077426 1
1114819 0 4162627 1
1114819 0 4404333 1
1114819 0 4415944 1
1114819 0 4550069 1
1114819 0 468011 1
1114819 0 4700106 1
1114819 0 4700110 1
1114819 0 4700111 1
1114819 0 4700114 1
1114819 0 4865755 1
1114819 0 4865758 1
1114819 0 4890560 1
1114819 0 5019830 1
1114819 0 5019831 1
1114819 0 5019832 1
1114819 0 5019838 1
1114819 0 5019839 1
1114819 0 5026286 1
1114819 0 5165249 1
1114819 0 5196819 1
1114819 0 534362 1
1114819 0 5363580 1
1114819 0 5363582 1
1114819 0 5363583 1
1114819 0 5375238 1
1114819 0 5375243 1
1114819 0 5375245 1
1114819 0 5375246 1
1114819 0 538319 1
1114819 0 5521371 1
1114819 0 5521372 1
1114819 0 5521373 1
1114819 0 5626702 1
1114819 0 5626706 1
1114819 0 5628950 1
1114819 0 5628952 1
1114819 0 5628953 1
1114819 0 5628955 1
1114819 0 5628956 1
1114819 0 5673333 1
1114819 0 5718415 1
1114819 0 5718417 1
1114819 0 5718418 1
1114819 0 576249 1
1114819 0 576253 1
1114819 0 5858980 1
1114819 0 59259 1
1114819 0 6027612 1
1114819 0 6027616 1
1114819 0 605467 1
1114819 0 605472 1
1114819 0 6094261 1
1114819 0 6202317 1
1114819 0 6202318 1
1114819 0 6202319 1
1114819 0 6202321 1
1114819 0 6202323 1
1114819 0 6239487 1
1114819 0 6329859 1
1114819 0 6472425 1
1114819 0 6564169 1
1114819 0 6611820 1
1114819 0 6631098 1
1114819 0 6631099 1
1114819 0 6691165 1
1114819 0 6820823 1
1114819 0 6900766 1
1114819 0 6900767 1
1114819 0 6900769 1
1114819 0 6900773 1
1114819 0 6900774 1
1114819 0 6912302 1
1114819 0 6912304 1
1114819 0 6941478 1
1114819 0 6941479 1
1114819 0 6941481 1
1114819 0 694735 1
1114819 0 694737 1
1114819 0 694738 1
1114819 0 694740 1
1114819 0 694741 1
1114819 0 6988364 1
1114819 0 7070941 1
1114819 0 7070942 1
1114819 0 7070943 1
1114819 0 710523 1
1114819 0 710524 1
1114819 0 7132893 1
1114819 0 7132894 1
1114819 0 7132895 1
1114819 0 7132896 1
1114819 0 7132897 1
1114819 0 7156443 1
1114819 0 7355554 1
1114819 0 7355561 1
1114819 0 7425393 1
1114819 0 7425394 1
1114819 0 7425395 1
1114819 0 7425397 1
1114819 0 750446 1
1114819 0 750447 1
1114819 0 7552823 1
1114819 0 7562839 1
1114819 0 7562841 1
1114819 0 7567806 1
1114819 0 7588042 1
1114819 0 7588045 1
1114819 0 7588046 1
1114819 0 7655520 1
1114819 0 7655522 1
1114819 0 768360 1
1114819 0 7696996 1
1114819 0 771719 1
1114819 0 7803429 1
1114819 0 7803435 1
1114819 0 7803436 1
1114819 0 785027 1
1114819 0 785028 1
1114819 0 785034 1
1114819 0 7850622 1
1114819 0 7851748 1
1114819 0 7851749 1
1114819 0 7873197 1
1114819 0 7914603 1
1114819 0 7928900 1
1114819 0 7991181 1
1114819 0 7991186 1
1114819 0 8022276 1
1114819 0 8022279 1
1114819 0 8022280 1
1114819 0 8022281 1
1114819 0 8024890 1
1114819 0 8027205 1
1114819 0 8027206 1
1114819 0 8027210 1
1114819 0 8088105 1
1114819 0 8088107 1
1114819 0 8088111 1
1114819 0 8096817 1
1114819 0 8096824 1
1114819 0 8099707 1
1114819 0 8115434 1
1114819 0 8115435 1
1114819 0 8115437 1
1114819 0 8115438 1
1114819 0 8115439 1
1114819 0 8115440 1
1114819 0 8115441 1
1114819 0 8115442 1
1114819 0 8115700 1
1114819 0 8115703 1
1114819 0 8115705 1
1114819 0 8125457 1
1114819 0 8146123 1
1114819 0 8321012 1
1114819 0 8336223 1
1114819 0 8336225 1
1114819 0 8336226 1
1114819 0 8336228 1
1114819 0 8336229 1
1114819 0 8336230 1
1114819 0 8336231 1
1114819 0 8336232 1
1114819 0 8461285 1
1114819 0 8480573 1
1114819 0 8480574 1
1114819 0 8505797 1
1114819 0 8508255 1
1114819 0 8508259 1
1114819 0 8508263 1
1114819 0 8579828 1
1114819 0 8579830 1
1114819 0 8579832 1
1114819 0 8579833 1
1114819 0 858812 1
1114819 0 8601477 1
1114819 0 8625086 1
1114819 0 862865 1
1114819 0 862869 1
1114819 0 8653330 1
1114819 0 8688167 1
1114819 0 8736056 1
1114819 0 8754395 1
1114819 0 8754397 1
1114819 0 8754398 1
1114819 0 8754399 1
1114819 0 8754401 1
1114819 0 8754403 1
1114819 0 8754404 1
1114819 0 8768742 1
1114819 0 8768743 1
1114819 0 8772339 1
1114819 0 8804489 1
1114819 0 956102 1
1114819 0 988369 1
1114819 0 988370 1
1114819 0 988373 1
1114819 0 988374 1
1114819 0 988375 1
1114819 0 988376 1
1114819 0 988378 1
1115776 0 1729572 1
1115776 0 2364285 1
1115776 0 3203281 1
1115776 0 3469357 1
1115776 0 4131485 1
1115776 0 4314169 1
1115776 0 4314170 1
1115776 0 4314172 1
1115776 0 4314173 1
1115776 0 4314174 1
1115776 0 4314175 1
1115776 0 4314176 1
1115776 0 5264931 1
1115776 0 5483597 1
1115776 0 5790943 1
1115776 0 5900622 1
1115776 0 6989198 1
1115776 0 8065457 1
1115776 0 8106317 1
1115776 0 8106318 1
1115776 0 8106321 1
1115776 0 8106324 1
1115776 0 8495250 1
1115776 0 8495256 1
1117099 0 1389420 1
1117099 0 1440192 1
1117099 0 1445087 1
1117099 0 1565783 1
1117099 0 1652329 1
1117099 0 1682790 1
1117099 0 1687526 1
1117099 0 1798612 1
1117099 0 1798614 1
1117099 0 1798619 1
1117099 0 1798620 1
1117099 0 2058940 1
1117099 0 2153481 1
1117099 0 2153487 1
1117099 0 2504563 1
1117099 0 2515909 1
1117099 0 2579691 1
1117099 0 2605637 1
1117099 0 2790381 1
1117099 0 2790382 1
1117099 0 2790384 1
1117099 0 317868 1
1117099 0 334611 1
1117099 0 334615 1
1117099 0 3349609 1
1117099 0 3349612 1
1117099 0 3398083 1
1117099 0 3412243 1
1117099 0 3435986 1
1117099 0 3440615 1
1117099 0 3543106 1
1117099 0 3607850 1
1117099 0 3780997 1
1117099 0 3781003 1
1117099 0 3859042 1
1117099 0 3906412 1
1117099 0 3951178 1
1117099 0 4059509 1
1117099 0 4393946 1
1117099 0 4393950 1
1117099 0 4393951 1
1117099 0 4441319 1
1117099 0 4441325 1
1117099 0 444196 1
1117099 0 4458506 1
1117099 0 4458509 1
1117099 0 4458510 1
1117099 0 4458512 1
1117099 0 4573811 1
1117099 0 458682 1
1117099 0 4698655 1
1117099 0 4775947 1
1117099 0 4789127 1
1117099 0 4886519 1
1117099 0 5032726 1
1117099 0 518714 1
1117099 0 52516 1
1117099 0 52519 1
1117099 0 52523 1
1117099 0 5258462 1
1117099 0 5286536 1
1117099 0 5286538 1
1117099 0 5286539 1
1117099 0 5299235 1
1117099 0 5596485 1
1117099 0 563625 1
1117099 0 6057206 1
1117099 0 6057207 1
1117099 0 6069016 1
1117099 0 6106022 1
1117099 0 6122720 1
1117099 0 6122721 1
1117099 0 6122722 1
1117099 0 6122723 1
1117099 0 6122724 1
1117099 0 6156360 1
1117099 0 6177939 1
1117099 0 6177941 1
1117099 0 6428299 1
1117099 0 6428300 1
1117099 0 6491820 1
1117099 0 6505419 1
1117099 0 6505420 1
1117099 0 651006 1
1117099 0 6534817 1
1117099 0 6534818 1
1117099 0 6534824 1
1117099 0 690634 1
1117099 0 697158 1
1117099 0 6993942 1
1117099 0 714808 1
1117099 0 7504911 1
1117099 0 7541965 1
1117099 0 7879723 1
1117099 0 7879730 1
1117099 0 7959195 1
1117099 0 8093931 1
1117099 0 8093932 1
1117099 0 8093934 1
1117099 0 8202914 1
1117099 0 8208315 1
1117099 0 8294083 1
1117099 0 8446501 1
1117099 0 8446502 1
1117099 0 8446504 1
1117099 0 8446505 1
1117099 0 8446506 1
1117099 0 8459091 1
1117099 0 8459093 1
1117099 0 8527041 1
1117099 0 859540 1
1117099 0 8612544 1
1117099 0 8615590 1
1117099 0 8681294 1
1117099 0 8714082 1
1117099 0 8714085 1
1117099 0 8714087 1
1117099 0 8838111 1
1117099 0 926743 1
1121402 0 182364 1
1121402 0 182365 1
1121402 0 182366 1
1121402 0 182367 1
1121402 0 182368 1
1121402 0 182369 1
1121402 0 182370 1
1121402 0 182371 1
1121402 0 182372 1
1121402 0 182373 1
1121402 0 188209 1
1121402 0 188210 1
1121402 0 188211 1
1121402 0 188213 1
1121402 0 188214 1
1121402 0 188215 1
1121402 0 188216 1
1121402 0 188217 1
1121402 0 188218 1
1121402 0 3511789 1
1121402 0 3785307 1
1121402 0 3785308 1
1121402 0 3785309 1
1121402 0 3785310 1
1121402 0 4449258 1
1121402 0 4449267 1
1121402 0 5189913 1
1121402 0 5576063 1
1121402 0 6001847 1
1121402 0 6392403 1
1121402 0 7125978 1
1121402 0 7125980 1
1121402 0 7125981 1
1121402 0 7125982 1
1121402 0 7125983 1
1121402 0 7125985 1
1121402 0 7125987 1
1121402 0 8052617 1
1121402 0 8052619 1
1121402 0 8052620 1
1121402 0 8052621 1
1121402 0 8052622 1
1121402 0 8052623 1
1121402 0 8052624 1
1121402 0 8089444 1
1121402 0 8235730 1
1121709 0 3423059 1
1121709 0 3423060 1
1121709 0 3423062 1
1121709 0 3423067 1
1121709 0 8049577 1
1121709 0 8049578 1
1121709 0 8049580 1
1121709 0 8049582 1
1121709 0 8049583 1
1121709 0 8049584 1
1121709 0 8049585 1
1121709 0 8049586 1
1124210 0 1244877 1
1124210 0 131190 1
1124210 0 1689639 1
1124210 0 181175 1
1124210 0 181177 1
1124210 0 2070515 1
1124210 0 2089537 1
1124210 0 2089544 1
1124210 0 2258591 1
1124210 0 2258592 1
1124210 0 2258593 1
1124210 0 2258594 1
1124210 0 2258595 1
1124210 0 2258596 1
1124210 0 2258597 1
1124210 0 2258598 1
1124210 0 2258599 1
1124210 0 2399822 1
1124210 0 2433601 1
1124210 0 2433603 1
1124210 0 2433604 1
1124210 0 2433609 1
1124210 0 2451197 1
1124210 0 2461683 1
1124210 0 2494574 1
1124210 0 2494577 1
1124210 0 2604564 1
1124210 0 2608221 1
1124210 0 2650269 1
1124210 0 2685123 1
1124210 0 2728445 1
1124210 0 2728447 1
1124210 0 2728448 1
1124210 0 2728449 1
1124210 0 2753148 1
1124210 0 2806527 1
1124210 0 2825130 1
1124210 0 284020 1
1124210 0 2859501 1
1124210 0 2958020 1
1124210 0 3162331 1
1124210 0 3225189 1
1124210 0 3225197 1
1124210 0 3228226 1
1124210 0 3242758 1
1124210 0 3242763 1
1124210 0 3263727 1
1124210 0 3263731 1
1124210 0 3289568 1
1124210 0 3466956 1
1124210 0 3466959 1
1124210 0 347571 1
1124210 0 3517427 1
1124210 0 3587908 1
1124210 0 4002454 1
1124210 0 4002456 1
1124210 0 4090499 1
1124210 0 4174699 1
1124210 0 4303129 1
1124210 0 4535489 1
1124210 0 4616435 1
1124210 0 4618354 1
1124210 0 4648414 1
1124210 0 4648416 1
1124210 0 4648417 1
1124210 0 4777681 1
1124210 0 4942992 1
1124210 0 5032711 1
1124210 0 5098936 1
1124210 0 5098941 1
1124210 0 522219 1
1124210 0 522220 1
1124210 0 5587709 1
1124210 0 5587710 1
1124210 0 5587711 1
1124210 0 5664148 1
1124210 0 5941717 1
1124210 0 6146809 1
1124210 0 6181091 1
1124210 0 6233255 1
1124210 0 6255796 1
1124210 0 6472110 1
1124210 0 6498977 1
1124210 0 6507991 1
1124210 0 6507996 1
1124210 0 6541864 1
1124210 0 6541866 1
1124210 0 6541868 1
1124210 0 6620551 1
1124210 0 6636931 1
1124210 0 6636936 1
1124210 0 6720368 1
1124210 0 6737727 1
1124210 0 6737728 1
1124210 0 6737729 1
1124210 0 6737733 1
1124210 0 6891517 1
1124210 0 6891518 1
1124210 0 7146473 1
1124210 0 7146478 1
1124210 0 7203360 1
1124210 0 7203367 1
1124210 0 7224093 1
1124210 0 7224102 1
1124210 0 7228448 1
1124210 0 7443583 1
1124210 0 7443585 1
1124210 0 7443586 1
1124210 0 7443588 1
1124210 0 7695217 1
1124210 0 7806221 1
1124210 0 7806222 1
1124210 0 7942804 1
1124210 0 7942807 1
1124210 0 7942808 1
1124210 0 8026735 1
1124210 0 8026737 1
1124210 0 8026738 1
1124210 0 8026740 1
1124210 0 8026743 1
1124210 0 8087696 1
1124210 0 8087702 1
1124210 0 8355477 1
1124210 0 8355478 1
1124210 0 8355479 1
1124210 0 8355483 1
1124210 0 8406413 1
1124210 0 8492302 1
1124210 0 8492305 1
1124210 0 8547690 1
1124210 0 8558068 1
1124210 0 8650639 1
1124210 0 8650642 1
1124210 0 8802909 1
1124210 0 8828525 1
1124210 0 92049 1
1124210 0 931162 1
1124210 0 931165 1
1124210 0 943794 1
1129237 0 128982 1
1129237 0 128984 1
1129237 0 128989 1
1129237 0 1770027 1
1129237 0 2696926 1
1129237 0 2697746 1
1129237 0 2697752 1
1129237 0 302210 1
1129237 0 3683096 1
1129237 0 3905057 1
1129237 0 3905802 1
1129237 0 4233383 1
1129237 0 4254811 1
1129237 0 4254813 1
1129237 0 4254815 1
1129237 0 5619502 1
1129237 0 5627214 1
1129237 0 5831781 1
1129237 0 5906130 1
1129237 0 6080460 1
1129237 0 6343520 1
1129237 0 6343521 1
1129237 0 7050921 1
1129237 0 7911557 1
1129237 0 8588219 1
1129237 0 8682824 1
1129237 0 998748 1
1129237 0 998751 1
1133167 0 1379370 1
1133167 0 1379378 1
1133167 0 1727081 1
1133167 0 1824479 1
1133167 0 1824480 1
1133167 0 1824481 1
1133167 0 1824483 1
1133167 0 1824484 1
1133167 0 1824485 1
1133167 0 1824486 1
1133167 0 1824487 1
1133167 0 1824488 1
1133167 0 18344 1
1133167 0 18346 1
1133167 0 18351 1
1133167 0 18352 1
1133167 0 1883272 1
1133167 0 1883273 1
1133167 0 1883276 1
1133167 0 1883277 1
1133167 0 1883278 1
1133167 0 1883280 1
1133167 0 1883281 1
1133167 0 190802 1
1133167 0 190803 1
1133167 0 190804 1
1133167 0 190805 1
1133167 0 190806 1
1133167 0 190808 1
1133167 0 190809 1
1133167 0 190810 1
1133167 0 190811 1
1133167 0 2010279 1
1133167 0 2010280 1
1133167 0 2010281 1
1133167 0 2070087 1
1133167 0 2276675 1
1133167 0 2276677 1
1133167 0 2276678 1
1133167 0 2439240 1
1133167 0 2491371 1
1133167 0 2613290 1
1133167 0 2613291 1
1133167 0 2613293 1
1133167 0 2613294 1
1133167 0 2613296 1
1133167 0 2623303 1
1133167 0 2710496 1
1133167 0 2777577 1
1133167 0 3023119 1
1133167 0 3023120 1
1133167 0 3023121 1
1133167 0 3023123 1
1133167 0 3023124 1
1133167 0 3023125 1
1133167 0 3074597 1
1133167 0 3074598 1
1133167 0 3074599 1
1133167 0 3141661 1
1133167 0 3253592 1
1133167 0 3253596 1
1133167 0 3253597 1
1133167 0 332787 1
1133167 0 3355083 1
1133167 0 3391433 1
1133167 0 3391436 1
1133167 0 3391439 1
1133167 0 3421897 1
1133167 0 3421898 1
1133167 0 3421899 1
1133167 0 3421900 1
1133167 0 3421901 1
1133167 0 3421902 1
1133167 0 3421903 1
1133167 0 3421906 1
1133167 0 3560313 1
1133167 0 3598492 1
1133167 0 3821515 1
1133167 0 3821516 1
1133167 0 3944276 1
1133167 0 3944277 1
1133167 0 3953805 1
1133167 0 3953807 1
1133167 0 4131477 1
1133167 0 4192699 1
1133167 0 4194241 1
1133167 0 4226022 1
1133167 0 4294928 1
1133167 0 4294930 1
1133167 0 434119 1
1133167 0 434120 1
1133167 0 434121 1
1133167 0 434123 1
1133167 0 434124 1
1133167 0 434125 1
1133167 0 434126 1
1133167 0 4361441 1
1133167 0 4443368 1
1133167 0 4443370 1
1133167 0 4443371 1
1133167 0 4443372 1
1133167 0 4443374 1
1133167 0 4443375 1
1133167 0 4467246 1
1133167 0 4489251 1
1133167 0 4494097 1
1133167 0 4494100 1
1133167 0 4494101 1
1133167 0 4494102 1
1133167 0 4494104 1
1133167 0 4498473 1
1133167 0 4498474 1
1133167 0 4498475 1
1133167 0 4498476 1
1133167 0 4498477 1
1133167 0 4498478 1
1133167 0 4498479 1
1133167 0 4514785 1
1133167 0 4550240 1
1133167 0 4550241 1
1133167 0 4550242 1
1133167 0 4550243 1
1133167 0 4550244 1
1133167 0 4557439 1
1133167 0 4557441 1
1133167 0 4625145 1
1133167 0 4625147 1
1133167 0 4625148 1
1133167 0 4712273 1
1133167 0 4712275 1
1133167 0 4712276 1
1133167 0 4712277 1
1133167 0 4712279 1
1133167 0 4922619 1
1133167 0 4922620 1
1133167 0 4926197 1
1133167 0 4926199 1
1133167 0 4926201 1
1133167 0 4926202 1
1133167 0 4926204 1
1133167 0 4973626 1
1133167 0 5077348 1
1133167 0 563738 1
1133167 0 5674622 1
1133167 0 5674623 1
1133167 0 5787117 1
1133167 0 5943905 1
1133167 0 5943911 1
1133167 0 5985458 1
1133167 0 5990516 1
1133167 0 6020865 1
1133167 0 6020866 1
1133167 0 6103289 1
1133167 0 6103291 1
1133167 0 6103292 1
1133167 0 6112584 1
1133167 0 6112585 1
1133167 0 6112586 1
1133167 0 6112587 1
1133167 0 6112590 1
1133167 0 6112591 1
1133167 0 6112592 1
1133167 0 6112593 1
1133167 0 6138 1
1133167 0 6140 1
1133167 0 6142 1
1133167 0 6143 1
1133167 0 6144 1
1133167 0 6157109 1
1133167 0 6157112 1
1133167 0 6157113 1
1133167 0 6157114 1
1133167 0 6252360 1
1133167 0 6257034 1
1133167 0 6257038 1
1133167 0 6299572 1
1133167 0 6299574 1
1133167 0 6299575 1
1133167 0 6299576 1
1133167 0 6467517 1
1133167 0 6467518 1
1133167 0 6467519 1
1133167 0 6467521 1
1133167 0 6467522 1
1133167 0 6467523 1
1133167 0 6467524 1
1133167 0 6999438 1
1133167 0 6999439 1
1133167 0 6999440 1
1133167 0 6999442 1
1133167 0 7091940 1
1133167 0 7091943 1
1133167 0 7091944 1
1133167 0 7093509 1
1133167 0 7093510 1
1133167 0 7093511 1
1133167 0 7093512 1
1133167 0 7093513 1
1133167 0 7195800 1
1133167 0 7195802 1
1133167 0 7217701 1
1133167 0 7217702 1
1133167 0 7217705 1
1133167 0 7217706 1
1133167 0 7218012 1
1133167 0 7218013 1
1133167 0 7218015 1
1133167 0 7218016 1
1133167 0 7218018 1
1133167 0 7218019 1
1133167 0 7218021 1
1133167 0 7486594 1
1133167 0 7486596 1
1133167 0 7486597 1
1133167 0 7486599 1
1133167 0 7486600 1
1133167 0 7486601 1
1133167 0 7486602 1
1133167 0 7762240 1
1133167 0 7762241 1
1133167 0 7762244 1
1133167 0 7762245 1
1133167 0 7776428 1
1133167 0 7793408 1
1133167 0 7793409 1
1133167 0 7793411 1
1133167 0 7793414 1
1133167 0 7793416 1
1133167 0 8003293 1
1133167 0 8003295 1
1133167 0 8003299 1
1133167 0 8003301 1
1133167 0 8033644 1
1133167 0 8033645 1
1133167 0 8033646 1
1133167 0 8033647 1
1133167 0 8033648 1
1133167 0 8033650 1
1133167 0 8160224 1
1133167 0 8160225 1
1133167 0 8160230 1
1133167 0 8160241 1
1133167 0 8160242 1
1133167 0 8160243 1
1133167 0 8201914 1
1133167 0 823272 1
1133167 0 823273 1
1133167 0 823274 1
1133167 0 823275 1
1133167 0 823276 1
1133167 0 823277 1
1133167 0 823278 1
1133167 0 823279 1
1133167 0 8250497 1
1133167 0 8250498 1
1133167 0 8250500 1
1133167 0 8250501 1
1133167 0 8250503 1
1133167 0 8255701 1
1133167 0 8255702 1
1133167 0 8255703 1
1133167 0 8255704 1
1133167 0 8255705 1
1133167 0 8255706 1
1133167 0 8403745 1
1133167 0 8405628 1
1133167 0 8405630 1
1133167 0 8415742 1
1133167 0 8415743 1
1133167 0 8415744 1
1133167 0 8415746 1
1133167 0 8415747 1
1133167 0 8484844 1
1133167 0 8484845 1
1133167 0 8484846 1
1133167 0 8484849 1
1133167 0 8484851 1
1133167 0 8748586 1
1133167 0 8748587 1
1133167 0 8748590 1
1133167 0 8748592 1
1133167 0 8804478 1
1133167 0 8839919 1
1133167 0 8839920 1
1133167 0 8839922 1
